# Converted from user-supplied modularDungeon.fbx; Y-up, meters, bottom centered
mtllib Gothic.mtl
o Hallsingle
v 1.9999606 4.5988821 1.600215
v 1.9999606 5.0988821 -1.399785
v 1.9999606 5.8988821 -0.40147842
v 1.9999606 4.1988803 1.700215
v 1.9999606 5.8988828 0.40021503
v 1.9999606 4.5988821 -1.599785
v 1.9999606 5.6988821 -0.79978508
v 1.9999606 5.6988821 0.800215
v 1.9999606 5.3988809 1.2002151
v 1.9999606 4.1988803 -1.699785
v 1.9999606 5.3988809 -1.1997851
v 1.9999606 5.0988821 1.400215
v 1.9999606 5.9988821 0.00021485352
v -1.7000392 4.1988803 -1.999785
v -0.40003937 5.8988828 -1.999785
v 1.5999605 4.5988821 -1.999785
v 0.79996056 5.6988821 -1.999785
v -0.8000396 5.6988821 -1.999785
v -1.2000395 5.3988809 -1.999785
v 1.6999609 4.1988803 -1.999785
v 1.1999606 5.3988809 -1.999785
v -3.9405464e-05 5.9988821 -1.999785
v -1.4000392 5.0988821 -1.999785
v -1.6000392 4.5988821 -1.999785
v 1.3999608 5.0988821 -1.999785
v 0.39996063 5.8988821 -1.999785
v -2.0000394 5.6988821 -0.799785
v -2.0000394 5.3988809 -1.1997851
v -2.0000394 4.1988803 1.700215
v -2.0000394 5.3988809 1.2002151
v -2.0000394 5.0988821 -1.399785
v -2.0000394 5.9988821 0.00021521115
v -2.0000394 4.6022153 -1.5997849
v -2.0000394 5.0988821 1.400215
v -2.0000394 5.8988821 0.40021503
v -2.0000394 4.1988803 -1.699785
v -2.0000394 5.8988828 -0.39978497
v -2.0000394 4.6022153 1.6002148
v -2.0000394 5.6988821 0.80021515
v 0.7999604 5.6988821 2.000215
v 1.1999605 5.3988809 2.000215
v -1.7000394 4.1988806 2.000215
v -1.2021213 5.3988809 2.000215
v 1.3999606 5.0988821 2.000215
v 1.5999606 4.5988821 2.000215
v -1.4000394 5.0988821 2.000215
v -0.4000396 5.8988821 2.000215
v 1.6999605 4.1988806 2.000215
v 0.39996048 5.8988828 2.000215
v -1.6000394 4.5988821 2.000215
v -0.80003983 5.6988821 2.000215
v -3.9524673e-05 5.9988821 2.000215
v 0.099960461 5.9988821 0.00021500439
v -3.9524673e-05 5.9988821 0.100215
v -0.10003952 5.9988821 0.00021500439
v -3.9524673e-05 5.9988821 -0.099784985
v -0.40003956 5.8988821 -0.49978497
v -0.50003948 5.8988821 -0.39978497
v -0.8000396 5.6988821 -0.899785
v -0.9000396 5.6988821 -0.799785
v -1.2000397 5.3988809 -1.299785
v -1.3000394 5.3988809 -1.1997851
v -1.4000395 5.0988821 -1.499785
v -1.5000394 5.0988821 -1.399785
v -1.6000392 4.6022159 -1.699785
v -1.7000394 4.6022159 -1.5997849
v -1.8000394 4.1988803 -1.699785
v -0.51983765 5.8988828 0.40021503
v -0.40003941 5.8988828 0.50021503
v -0.9000396 5.6988821 0.80021492
v -0.80003944 5.6988821 0.900215
v -1.3000394 5.3988809 1.2002151
v -1.2021213 5.3988809 1.300215
v -1.5000394 5.0988821 1.400215
v -1.4000394 5.0988821 1.500215
v -1.7000394 4.6022159 1.6002148
v -1.6000392 4.6022159 1.700215
v -1.7000394 4.1988806 1.800215
v -1.8000394 4.1988803 1.700215
v 0.49996052 5.8988828 -0.40147842
v 0.39996044 5.8988828 -0.49978497
v 0.8999604 5.6988821 -0.79978493
v 0.79996033 5.6988821 -0.899785
v 1.2999606 5.3988809 -1.1997851
v 1.1999603 5.3988809 -1.299785
v 1.4999606 5.0988821 -1.399785
v 1.3999606 5.0988821 -1.499785
v 1.6999605 4.6022159 -1.5997849
v 1.5999605 4.6022153 -1.699785
v 0.39996059 5.8988821 0.50021503
v 0.49996052 5.8988821 0.40021503
v 0.7999604 5.6988821 0.900215
v 0.8999604 5.6988821 0.800215
v 1.1999605 5.3988821 1.300215
v 1.3149397 5.3988809 1.2002151
v 1.3999608 5.0988821 1.500215
v 1.4999606 5.0988821 1.400215
v 1.5999605 4.6022153 1.7002148
v 1.6999606 4.6022153 1.6002148
v 1.6999605 4.1988806 1.800215
v -1.7248474 4.1988803 -1.6231337
v -1.6233881 4.1988803 -1.724593
v 1.7247687 4.1988803 -1.6231337
v -1.7248474 4.1988803 1.6235637
v 1.6233093 4.1988803 1.725023
v -0.00027893582 5.8992361 0.091809025
v -1.7713807e-05 5.8992252 -0.091509752
v 0.091721888 5.8992221 0.00022280693
v -0.091997728 5.8992068 5.4920185e-06
v -1.5356909 4.5607602 -1.6354366
v -1.6356909 4.5607602 -1.5354366
v -1.3431889 5.0394177 -1.4429344
v -1.4431888 5.0394177 -1.3429344
v -1.1571778 5.3193466 -1.2569231
v -1.2571776 5.3193466 -1.1569232
v -0.77161209 5.6073196 -0.8713575
v -0.87161209 5.6073196 -0.7713575
v -0.38203876 5.8021768 -0.48178417
v -0.48203869 5.8021768 -0.38178417
v 1.6233093 4.1988803 -1.724593
v 1.635612 4.5607602 -1.5354366
v 1.5356122 4.5607596 -1.6354366
v 1.44311 5.0394177 -1.3429344
v 1.34311 5.0394177 -1.4429344
v 1.2570985 5.3193466 -1.1569231
v 1.1570985 5.3193466 -1.2569231
v 0.87156929 5.6073282 -0.77129333
v 0.77157234 5.6073264 -0.87129639
v 0.48200169 5.8021902 -0.3833662
v 0.38206055 5.8021683 -0.48173222
v -1.6356909 4.5607602 1.5358665
v -1.5356909 4.5607602 1.6358665
v -1.6233881 4.1988803 1.725023
v -1.4430257 5.0394705 1.3434727
v -1.3430202 5.0394815 1.4434668
v -1.2569813 5.3193179 1.157605
v -1.1589607 5.3194272 1.2575037
v -0.87202507 5.6073648 0.77123795
v -0.77198883 5.6073843 0.87121078
v -0.50231895 5.80233 0.38096214
v -0.38313889 5.8020871 0.48164154
v 1.5356122 4.5607596 1.6358664
v 1.6356122 4.5607596 1.5358665
v 1.7247687 4.1988803 1.6235637
v 1.3438663 5.0397903 1.4422359
v 1.4439137 5.0397141 1.3422679
v 1.1588326 5.319169 1.2560074
v 1.2731938 5.3198636 1.1553432
v 0.77224953 5.6072482 0.87131393
v 0.87222847 5.6072635 0.7712867
v 0.38195976 5.8021768 0.48221424
v 0.48195972 5.8021768 0.38221424
v 0.0011038815 5.8018106 -0.090390635
v 0.091730242 5.8018106 0.00022880867
v 0.045866041 5.7374692 -0.045633454
v -0.00027058208 5.8018106 0.091815033
v 0.045706525 5.7374747 0.046054711
v -0.091989374 5.8018106 1.1493834e-05
v -0.045999699 5.7374612 -0.045736208
v -0.046136909 5.7374667 0.045904732
v 0.045707583 5.7374747 0.045447583
v -1.0519289e-08 5.6999997 8.9523382e-07
v 0.046033716 5.7379361 0.045728931
v 1.9999606 3.9988828 1.700215
v 1.9999606 3.9988828 -1.699785
v -1.7000392 3.9988824 -1.999785
v 1.6999609 3.9988824 -1.999785
v -2.0000394 3.9988828 1.700215
v -2.0000394 3.9988828 -1.699785
v -1.7000394 3.9988828 2.000215
v 1.6999605 3.9988828 2.000215
v -1.8000394 3.9988828 -1.699785
v -1.7000392 3.9988824 -1.7997849
v -1.7000394 3.9988828 1.800215
v -1.8000394 3.9988828 1.700215
v 1.6999605 3.9988828 1.800215
v -1.7248474 3.9988828 -1.6231337
v -1.6233881 3.9988828 -1.724593
v 1.7247687 3.9988828 -1.6231337
v -1.7248474 3.9988828 1.6235637
v 1.6233093 3.9988828 1.725023
v 1.6233093 3.9988828 -1.724593
v -1.6233881 3.9988828 1.725023
v 1.7247687 3.9988828 1.6235637
v -3.9418205e-05 5.9988821 -1.796893
v 1.6999609 4.1988803 -1.7997849
v 1.3999608 5.0988821 -1.796893
v -1.6000392 4.6011368 -1.7968932
v -1.2000396 5.3988809 -1.7968932
v 1.1999605 5.3988809 -1.7968932
v 1.6999609 3.9988824 -1.799785
v -1.6970914 4.1988803 -1.7968932
v 0.79996048 5.6988821 -1.7968929
v -0.8000396 5.6988821 -1.7968929
v 0.39996059 5.8988821 -1.796893
v -1.4000394 5.0988821 -1.796893
v 1.5999605 4.6011365 -1.796893
v -0.40003941 5.8988828 -1.796893
v 1.7999606 4.1988803 -1.699785
v 1.7843311 5.0988821 -1.399785
v 1.7843311 5.3988809 -1.1997851
v 1.7843311 5.8988821 -0.40147842
v 1.7843311 5.8988828 0.40021503
v 1.7843311 5.0988821 1.400215
v 1.7843311 5.6988821 0.800215
v 1.7999606 3.9988828 1.700215
v 1.7843311 4.6012784 -1.5997849
v 1.7999606 3.9988828 -1.699785
v 1.7999606 4.1988797 1.700215
v 1.7843311 5.6988821 -0.79978508
v 1.7843311 4.6012778 1.6002148
v 1.7843311 5.3988809 1.2002151
v 1.7843309 5.9988821 0.00021487062
v 1.3999606 5.0988821 1.8002151
v 1.5999605 4.6011041 1.8002151
v 1.1999605 5.3988812 1.800215
v -0.40003956 5.8988821 1.8002147
v -1.2021213 5.3988809 1.8002148
v 0.39996048 5.8988828 1.8002151
v -1.6000392 4.6011047 1.8002145
v 0.7999604 5.6988821 1.8002151
v -3.9524673e-05 5.9988821 1.8002148
v -0.80003975 5.6988821 1.8002148
v -1.4000394 5.0988821 1.8002145
v -1.8026111 5.6988821 -0.799785
v -1.8026114 5.8988821 0.40021503
v -1.8026114 5.9988821 0.00021518965
v -1.8026114 5.3988809 1.2002151
v -1.8026111 5.8988828 -0.39978497
v -1.8026114 4.6022156 1.6002148
v -1.8026111 5.6988821 0.80021507
v -1.8026112 5.0988821 -1.399785
v -1.8026114 5.3988809 -1.1997851
v -1.8026114 4.6022156 -1.5997849
v -1.8026112 5.0988821 1.400215
v -2 0 1.9999997
v -2 4 1.9999997
v -2 0 -2.0000003
v -2 4 -2.0000003
v 2 0 1.9999997
v 2 4 1.9999997
v 2 0 -2.0000003
v 2 4 -2.0000003
v 1.6536874 3.4 2.3463121
v 1.6536874 3.4 1.653687
v 2.3463126 3.4 1.653687
v 2.3463126 3.4 2.3463121
v 1.6536874 0.6 1.6536871
v 2.3463126 0.6 1.6536871
v 2.3463126 0.6 2.3463123
v 1.6536874 0.6 2.3463123
v 1.6 0 1.5999997
v 1.6 0 2.3999997
v 1.6 3.5 2.3999995
v 1.6 4 2.3999995
v 1.6 4 1.5999994
v 1.6 0.5 1.5999997
v 2.4 0 1.5999997
v 2.4 4 1.5999994
v 2.4 0.5 1.5999997
v 2.4 0 2.3999997
v 2.4 4 2.3999995
v 2.4 0.5 2.3999997
v 1.6 3.5 1.5999995
v 2.4 3.5 1.5999995
v 2.4 3.5 2.3999995
v 1.6 0.5 2.3999997
v -1.6536877 3.4 -1.6536874
v -2.3463129 3.4 -1.6536876
v -2.3463129 3.4 -2.3463129
v -1.6536877 3.4 -2.3463127
v -2.3463127 0.6 -1.6536877
v -2.3463126 0.6 -2.3463129
v -1.6536874 0.6 -2.3463129
v -1.6536874 0.6 -1.6536876
v -2.4 0 -1.6000003
v -1.6 0 -1.6000003
v -1.6000003 3.5 -1.6
v -1.6000003 4 -1.6
v -2.4000005 4 -1.6000002
v -2.4000002 0.5 -1.6000003
v -2.4 0 -2.4000003
v -2.4000003 4 -2.4000002
v -2.4 0.5 -2.4000003
v -1.6 0 -2.4000003
v -1.6000003 4 -2.4000002
v -1.6 0.5 -2.4000003
v -2.4000003 3.5 -1.6000002
v -2.4000003 3.5 -2.4000003
v -1.6000003 3.5 -2.4000002
v -1.6 0.5 -1.6000002
v -1.6536874 3.4 1.6536876
v -1.6536874 3.4 2.3463127
v -2.3463126 3.4 2.3463127
v -2.3463126 3.4 1.6536874
v -1.6536874 0.6 2.3463124
v -2.3463126 0.6 2.3463123
v -2.3463126 0.6 1.6536871
v -1.6536874 0.6 1.6536871
v -1.6 0 2.3999998
v -1.5999998 0 1.5999997
v -1.5999998 3.5 1.6000002
v -1.5999998 4 1.6000003
v -1.6 4 2.4000003
v -1.6 0.5 2.3999998
v -2.4000002 0 2.3999997
v -2.4000002 4 2.4000002
v -2.4000002 0.5 2.3999997
v -2.4 0 1.5999995
v -2.4 4 1.6000002
v -2.4 0.5 1.5999997
v -1.6 3.5 2.4000003
v -2.4000002 3.5 2.4000002
v -2.4 3.5 1.6
v -1.5999998 0.5 1.5999998
v 1.6536877 3.4 -2.3463127
v 2.3463129 3.4 -2.3463127
v 2.3463129 3.4 -1.6536876
v 1.6536877 3.4 -1.6536876
v 2.3463126 0.6 -2.3463129
v 2.3463126 0.6 -1.6536877
v 1.6536874 0.6 -1.6536877
v 1.6536874 0.6 -2.3463129
v 2.4 0 -2.4000003
v 1.6 0 -2.4000003
v 1.6000003 3.5 -2.4000002
v 1.6000003 4 -2.4000002
v 2.4000005 4 -2.4000002
v 2.4000002 0.5 -2.4000003
v 2.4 0 -1.6000003
v 2.4000005 4 -1.6
v 2.4000002 0.5 -1.6000003
v 1.6 0 -1.6000003
v 1.6000003 4 -1.6
v 1.6 0.5 -1.6000003
v 2.4000003 3.5 -2.4000002
v 2.4000003 3.5 -1.6000002
v 1.6000003 3.5 -1.6000002
v 1.6 0.5 -2.4000003
vt 0.7435025 1.0306822
vt -0.0042038113 0.50041884
vt 0.86452794 0.44965625
vt 1.4992688 0.41028726
vt 0.99695575 0.40831438
vt 0.99999082 5.9604645e-08
vt 0.093770802 0.32100785
vt 0.12507126 0.50180167
vt 0.81965113 0.44980025
vt 0.54161173 0.53504556
vt 0.59759194 0.44980022
vt 0.99999154 0.53698963
vt 0.23517889 0.45278448
vt 0 0
vt 0.67908669 0.41587746
vt 0.94060034 0.50042635
vt 0.40412828 0.44980022
vt 0.26562184 0.44980022
vt 0.40427226 0.5004189
vt 0.21419853 0
vt 1 0.40625
vt 0.99626094 0.41587746
vt 0.4375 0.203125
vt 1 0.50457662
vt 0.9041543 0.44980025
vt -0.14842905 0.44773307
vt -0.028612494 0.50041884
vt -0.3062959 0.5364421
vt 0.54125321 0.55111891
vt 0.35014802 0.5004189
vt 0.515625 0.203125
vt 9.059906e-06 5.9604645e-08
vt 0.093770802 0.32100785
vt 0.72526586 0.40624219
vt 0.21875 0.203125
vt 0 0.203125
vt 0.4375 0.40625
vt 1.499269 0.50042623
vt 0.10766029 0.2053113
vt 0.49826199 0
vt -0.0282197 0.50041884
vt 0.7435025 -0.023868755
vt 0.19685084 0.70013511
vt 1 1
vt -0.0003426075 0.60041702
vt 2.9802322e-08 0.40624219
vt 0.74350226 0.70425111
vt -0.12527227 0.50041884
vt 0.43528634 0.11320144
vt 0.38377619 0.50182837
vt 0.26651913 0.50457662
vt 0.99634731 -0.12599152
vt 1 0
vt 0.035739422 0.17689642
vt -0.17210627 0.50041884
vt 0.7764321 0.55111891
vt 1 0
vt 0.26393253 0.29145283
vt 1.1269412 0.44980025
vt 0.23517889 0.40624219
vt 0.45874679 0.45278448
vt 0.25895524 0
vt 0.26651913 0.55111891
vt 1.0601245 0.41587746
vt 0.8703686 0.44980022
vt 0.0067419708 0.059865877
vt -0.45073235 0.41180003
vt -0.0003426075 0.5084818
vt 0.48590231 0.29145283
vt 0.87807196 0.18425062
vt -0.3062959 0.4481861
vt 0.49595416 0.41028726
vt -0.064693928 0.50180167
vt -0.064693928 0.4158774
vt 0.097634017 0.5004189
vt 0.92538249 0.098960996
vt 0.67407733 0.90533632
vt 0.8481977 0.40805471
vt -0.00034284592 0.0053359321
vt -0.085013226 0.41238776
vt 1 0
vt 0.035739392 0.17592931
vt 0.01846981 1.0114049
vt 0.90417719 0.44980025
vt 0.671875 0.203125
vt 0.031329896 0.5364421
vt 0.40289709 0.065516174
vt -0.51626837 0.4481861
vt 0.29937726 0.44980022
vt 0 0
vt 1 0.203125
vt 0.055311039 0.53698963
vt 0.34258366 0.060709655
vt 0.031329907 0.4481861
vt 0 0
vt 0.80696833 0.53698963
vt 0.28859603 1.0597219
vt 0.81989765 0.5004189
vt -0.11286631 0.4481861
vt 0.99695563 0.18425062
vt 2.9802322e-08 0.40625
vt 0.45874679 0.40624219
vt 0.62734348 0.82108563
vt 0.993258 0.059865877
vt 0.60507929 0.53698963
vt 1 0.40625
vt 0.74073178 0.0039062798
vt 0.4375 0.203125
vt 1 1
vt 0.50000906 0.58214939
vt 1 0.50457662
vt 0.64050096 0.12270868
vt 0.35014802 0.44980022
vt 0.72081113 1.0304481
vt 0.54125321 0.55111891
vt 0.21875 0
vt 0.515625 0.203125
vt 1.2855051 0.41028723
vt 0.99695563 0.60337919
vt 0.28859603 -0.052968636
vt 0.57220715 0.44980022
vt 0.40421939 0.5004189
vt 0.81962818 0.44980025
vt 0.75 0.203125
vt 0.72526586 0.40624219
vt 0.97269189 -0.027693748
vt 0.18221366 0.44980022
vt 0.21875 0.203125
vt 0.50087911 0.44980022
vt 0 0.203125
vt 0.90417653 0.5004189
vt 0.21419853 0.203125
vt 0.4375 0.40625
vt 0.25895521 0
vt 0.80696833 0.41238776
vt 1 0.45278448
vt -0.00034284592 0.41618007
vt 0.49826199 0
vt -0.028703213 0.44980022
vt 0.46736509 0.5004189
vt 0.40397611 0.12896389
vt 0.74350238 0.82108575
vt 1.0298796 0.44980025
vt -0.3062959 0.41180006
vt 0.26651913 0.50457662
vt 0.84817946 0.40805471
vt 0 1
vt 0.7764321 0.55111891
vt 1.1739689 0.44980025
vt 0.23517889 0.40624219
vt -0.0003426075 0.70013523
vt 0.36106974 0.10646677
vt 0.45874679 0.45278448
vt 1.432532 0.41028723
vt 0.25895524 0
vt 0.6160537 0.55313385
vt 0.18216005 0.44980022
vt 0.671875 0.40625
vt 0.26651913 0.55111891
vt 1.0721117 0.5004189
vt 0.50173777 1
vt 0.96424234 0.17592931
vt 1 0
vt -0.51626837 0.5001356
vt -0.064693987 0.53504556
vt 0.26393265 -0.05322291
vt 0.54125321 0.50457662
vt 0.063065231 0.12491626
vt 1.2855051 0.50042623
vt 1.1739471 0.5004189
vt 0.99695599 0.30252582
vt 1.0879757 0.50042635
vt 0.74350238 0.90533632
vt 0.671875 0.203125
vt 0.61607188 0.55313385
vt 0.14010064 0.50041884
vt 0 0
vt 1 0.203125
vt 0.29943013 0.5004189
vt 0 0
vt 2.9802322e-08 0.40625
vt 0.45874679 0.40624219
vt 0.99695623 0.70916784
vt 0.59421194 0.50584662
vt 0.26393265 0.079084158
vt 2.9802322e-08 0.203125
vt 0.50173783 1
vt 0.38724911 0.1677247
vt 0.38377619 0.44773307
vt 0.055311039 0.41238776
vt 1 0.40625
vt 0.74073178 0.0039062798
vt 0.4375 0.203125
vt 1 0.50457662
vt 0.26393265 0.71542692
vt 0.8481977 0.40805471
vt -0.11286631 0.41180006
vt 0.21875 0
vt 0 1
vt 2.9802322e-08 0.45278448
vt 0.60507929 0.41238776
vt 0.72526586 0.40624219
vt 0.40421939 0.44980022
vt 0.031329907 0.41180006
vt 0.32316756 0.44965622
vt 0.21875 0.203125
vt 0 0.203125
vt 0.21419853 0.203125
vt 0.15182045 0.40805471
vt 0.4375 0.40625
vt -0.12529439 0.44980022
vt 0.49999079 0.58214939
vt 0.25895521 0
vt 0.5009318 0.5004189
vt 1 0.45278448
vt 0.49826199 0
vt 1.1739689 0.5004189
vt 0.75331122 1
vt 0.70243347 0.5004189
vt 0.61431968 0.077249527
vt -0.085013226 0.50182837
vt 0.73211658 0.49510217
vt 0.72526586 0.45278448
vt 0.70228964 0.44980022
vt 0.055311039 0.50182837
vt 0.7764321 0.55111891
vt 0.2638841 1.1621974
vt 1 0.55111891
vt 0.23517889 0.40624219
vt 0.26786506 0.49510217
vt 0.45874679 0.45278448
vt 0.25911927 0.44818616
vt 0.671875 0.40625
vt 0.26651913 0.55111891
vt 0.50173777 1
vt 0 1
vt 1 0
vt 0.26788318 0.49510217
vt 1.2855051 0.44740814
vt 0.54125321 0.50457662
vt 5.9604645e-08 0.50457662
vt 0.34694028 0.50340712
vt 0.59759146 0.5004189
vt 1 0
vt 0.38394624 0.55313385
vt 0.99626094 0.44965625
vt 0.097543091 0.5004189
vt 0.26786512 0.49510217
vt 0.29239374 0.41028726
vt 0.01846981 0.0055300049
vt 0.23517889 0.45278448
vt 0.38965309 0.094890475
vt 0.24637583 1
vt 0.59744745 0.5004189
vt 0.74350238 0.18572773
vt 0.70243406 0.44980022
vt 0 0
vt 0.671875 0.203125
vt 0.26393265 0.83874393
vt 1 1
vt 0 0
vt 1 0.203125
vt 1.0304008 0.44980025
vt 0.38392797 0.55313385
vt 1.499269 0.44740811
vt 0 0
vt 0.75331116 1
vt 0.296875 0.40625
vt 2.9802322e-08 0.40625
vt 0.45874679 0.40624219
vt 1 0.40624219
vt 2.9802322e-08 0.203125
vt 0.065491922 0.95241892
vt 0.50173783 1
vt 1 0.40625
vt 0.702411 0.5004189
vt 0.74073178 0.0039062798
vt 0.4375 0.203125
vt 0.94060034 0.53747004
vt 0.065822229 0.95281136
vt -0.17215842 0.50041884
vt 0.66886675 0.44980022
vt 0.5338757 0.30256236
vt 0.702411 0.44980022
vt 0.99999154 0.44773307
vt 0.0067236722 0.059865877
vt 0 0
vt 0.38724923 0.83874315
vt 0 0.203125
vt 0.21419853 0.203125
vt 2.9802322e-08 0.40624219
vt 1 0.45278448
vt 0.26393241 1.0599761
vt 0.96426058 0.17592931
vt 0.26393265 0.92766833
vt 0.49826199 0
vt 0.75331122 1
vt 0.59744745 0.44980022
vt 0.26393265 0.5034402
vt -0.14842905 0.41238776
vt 0.093789101 0.32100785
vt 0.26562184 0.5004189
vt 0.035757661 0.17592931
vt 0.60507929 0.50182837
vt 0.72526586 0.45278448
vt 0.7764321 0.55111891
vt -0.028559923 0.50041884
vt 1.1270826 0.5004189
vt 0.15180224 0.40805471
vt 0.26651913 0.55111891
vt 0.90415406 0.44980025
vt 0.50173777 1
vt 0 1
vt 1 0
vt 0.99695575 0.50584662
vt 0.54125321 0.50457662
vt 5.9604645e-08 0.50457662
vt 1 0
vt 0.2638841 -0.15544493
vt -0.12538493 0.50041884
vt 0.90622902 0.32100785
vt 0.33792275 0.92766857
vt 0.23517889 0.45278448
vt 0.99695575 0.098960996
vt 0.24637583 1
vt 0.36075103 0.10614961
vt 0.97269261 1.0393867
vt 0.18206921 0.44980022
vt 1.0601245 0.44965625
vt 1.0601245 0.50180167
vt 0.671875 0.203125
vt 1 1
vt 1 0.203125
vt 0.296875 0.203125
vt 0.99634755 1.1376847
vt 0.75331116 1
vt 0.296875 0.40625
vt 1.499269 0.53746992
vt -0.12524128 0.44980022
vt 0.45874679 0.40624219
vt 1 0.40624219
vt 0.66672039 0.12938303
vt 0 0.203125
vt 0.46713853 0.53644216
vt 0.78345227 0.30252582
vt 0 0
vt 0.6666193 0.44818616
vt 0.50173783 1
vt 0.54125321 0.55111891
vt 0.34258366 0.08815378
vt 0.24637589 1
vt 0.9062109 0.32100785
vt 0.68320894 0.5034402
vt 0.67407715 0.1014771
vt 0.99695623 0.82744312
vt 0.43038109 0.028921127
vt 0.57220715 0.5004189
vt 0.7764321 0.50457662
vt 0.515625 0
vt 0.21419853 0.203125
vt 2.9802322e-08 0.40624219
vt 1 0.45278448
vt 0.26651913 0.50457662
vt 0.68883169 0.60337919
vt 0.32316753 0.50180167
vt 0.50087911 0.5004189
vt 0.10432041 0.81162328
vt 0.58455563 0.40175048
vt 0.98758566 0.5004189
vt 0.74073184 0.0039062798
vt 1.0304008 0.5004189
vt 0.14010064 0.44980022
vt 0.90415424 0.5004189
vt 0.25895524 0
vt -0.00034284592 0.31679958
vt 0.72526586 0.45278448
vt 0.2923938 0.50042635
vt 0.6935153 0.40831453
vt 0.12507126 0.44965622
vt 1.0304229 0.5004189
vt 0.46713853 0.50013566
vt 5.9604645e-08 0.55111891
vt 0.54161173 0.44965622
vt 0.50173777 1
vt -0.0042038113 0.44980022
vt 0 1
vt 1 0
vt 0.54125321 0.50457662
vt 5.9604645e-08 0.50457662
vt 0.75 0
vt 0.093789071 0.32100785
vt 0.2435853 0.41238776
vt 1 0
vt 1.1270609 0.5004189
vt 0.18206924 0.5004189
vt 0.28604126 0.60041702
vt 0.38377619 0.53698963
vt 1.1270607 0.44980025
vt 0.7435469 -0.1179169
vt 0.29928625 0.44980022
vt 0.24637583 1
vt 0.38392797 0.55313349
vt 0.25911927 0.5364421
vt 0.81965053 0.5004189
vt 1.0000091 5.9604645e-08
vt 0.37915671 0.060704887
vt 0.64037836 0.10343879
vt -0.0003426075 0.2053113
vt 0.99999154 0.41238776
vt 0.50078785 0.5004189
vt 1 1
vt 0.515625 0.203125
vt -0.14842905 0.50182837
vt 0.70832837 0.53747004
vt 0.0067236722 0.059865877
vt 0.296875 0.203125
vt 0.61654508 0.55313349
vt 0.84817946 0.40805471
vt 0.055311039 0.44773307
vt 0.12507126 0.53504556
vt 0.75331116 1
vt 0.296875 0.40625
vt 0.75 0.203125
vt 0.2435853 0.53698963
vt 1 0
vt 0.49826211 0
vt 0.70832837 0.50042635
vt 0.4485296 0.04721576
vt 1.1739471 0.44980025
vt -0.12536293 0.44980022
vt -0.028068721 0.44980022
vt 0.75 0.203125
vt 0.75 0
vt 1.2855051 0.53746992
vt 0.26393265 0.16772509
vt 1 0.40624219
vt 1 0.203125
vt 0 0.203125
vt -0.45073235 0.5364421
vt 0 0
vt 1.432532 0.53746992
vt 0.50173783 1
vt 0.54125321 0.55111891
vt 0.29937726 0.5004189
vt 0.24637589 1
vt 0.21875 0
vt 0.94060034 0.44740811
vt 0.49999091 0.58214939
vt 0.38377619 0.41238776
vt 0.76552641 0.44980022
vt 0.99695611 1.0393867
vt 0.18216002 0.5004189
vt 0.25895521 0
vt -9.149313e-06 5.9604645e-08
vt 0.7764321 0.50457662
vt 0.515625 0
vt 0.6666193 0.50013566
vt 0.19685084 0.31679958
vt 0 1
vt -0.028091073 0.44980022
vt 0.44040805 0.59975117
vt 2.9802322e-08 0.40624219
vt 0.53387576 0.70425111
vt 0.70832837 0.41028723
vt 0.042682573 0.44980022
vt -0.45073235 0.4481861
vt 0.18221298 0.5004189
vt 0.035757631 0.17592931
vt -0.17218041 0.44980022
vt 1 0.55111891
vt 0.74073184 0.0039062798
vt -0.3062959 0.5001356
vt 0.9062109 0.32100785
vt -0.45073235 0.5001356
vt 0.99695623 0.91273218
vt 0.44040793 0.40706211
vt 0.097634017 0.44980022
vt 0.40412828 0.5004189
vt 0.8703686 0.5004189
vt -9.149313e-06 5.9604645e-08
vt 0.2435853 0.50182837
vt 5.9604645e-08 0.55111891
vt 0.40781161 0.076596797
vt 0.28604126 0.41617987
vt 0.73213482 0.49510217
vt 0 1
vt 0.40427282 0.44980022
vt 5.9604645e-08 0.50457662
vt 0.75 0
vt 0.21419853 0
vt 0.99327636 0.059865877
vt 0.86452794 0.41587746
vt 1 0
vt 0.50078785 0.44980022
vt 0.49595416 0.44740817
vt 0.74350238 0.59975117
vt -0.11286631 0.5001356
vt 0.066008426 0.95227635
vt 0.26393276 0.40175048
vt 0.097543091 0.44980022
vt 0.24637583 1
vt 0.96424222 0.17689642
vt 1.3419377 0.44980025
vt 1.3419377 0.5004189
vt 1.0879757 0.53746992
vt 0.40290177 0.028921127
vt 1 0.50457662
vt 0.96426052 0.17592931
vt 0.50000906 0.58214939
vt 0.515625 0.203125
vt 0.50093246 0.44980022
vt 0.60507929 0.44773307
vt 0.296875 0.203125
vt 2.9802322e-08 0.45278448
vt 1 1
vt 2.9802322e-08 0.203125
vt 0.73213482 0.49510217
vt 0.75331116 1
vt 0.296875 0.40625
vt 0.75 0.203125
vt 1.432532 0.44740814
vt 0.49826211 0
vt 0.67908669 0.44965622
vt 0.80696833 0.50182837
vt -0.085013226 0.53698963
vt 0.75 0.203125
vt 0.4303773 0.065070212
vt 0.75 0
vt 1 0.40624219
vt 1 0.203125
vt 0 0.203125
vt 0.32316753 0.41587743
vt 0.063065231 0.89201838
vt 0.6666193 0.41180012
vt 0.042682454 0.50041884
vt 0 0
vt 0.24637589 1
vt 0.21875 0
vt 0.0067418814 0.059865952
vt 0.78345239 0.70916784
vt 1 0
vt 0.94060034 0.41028726
vt 0.993258 0.059865877
vt 0.70228964 0.5004189
vt 0.031329907 0.5001356
vt 0.6666193 0.53644216
vt 0.74350238 0.50340664
vt 0.25895521 0
vt 0.29928625 0.5004189
vt 0.7764321 0.50457662
vt 0.515625 0
vt 1 0.55111891
vt 0.23517889 0.40624219
vt 0.49595416 0.53747004
vt 0.671875 0.40625
vt 1.029917 0.5004189
vt -0.11286631 0.5364421
vt 0.64029944 0.084128678
vt 0.42228514 0.17459679
vt 0.98758566 0.44980025
vt -0.00037944317 1.0895715
vt 0.46736503 0.44980022
vt 0.33792251 0.079084158
vt 0.12507126 0.41587743
vt 0.74073184 0.0039062798
vt 1.1738343 0.44980025
vt 0.7435469 1.12473
vt 0.29239374 0.44740817
vt 1.432532 0.50042623
vt 0.25911927 0.41180006
vt 5.9604645e-08 0.55111891
vt 0.54161173 0.50180167
vt 0.6667785 0.077495456
vt 0.87807256 0.82744312
vt 0.99327624 0.059865952
vt 0 0
vt 0.75 0
vt 0.21419853 0
vt 1.1270826 0.44980025
vt 0.32316753 0.53504556
vt 2.9802322e-08 0.40625
vt 0.26788327 0.49510217
vt 0.86452794 0.53504556
vt 0.44058365 0.12896866
vt 0.37915671 0.08815378
vt 0.40780252 0.11320239
vt 1.197633 0.5004189
vt 0.74350226 0.1014771
vt 0.81989765 0.44980025
vt -0.085013226 0.44773307
vt 0.29943079 0.44980022
vt 1.2950513 0.44980025
vt 0.74073178 0.0039062798
vt 0.90415406 0.5004189
vt 0.62109464 0.10360718
vt 0.99695551 -0.027693748
vt 0.296875 0.203125
vt 2.9802322e-08 0.45278448
vt 2.9802322e-08 0.203125
vt 0.86452794 0.50180167
vt 0.75 0.203125
vt 0.73211658 0.49510217
vt 1.0879757 0.44740811
vt 0.49826211 0
vt 0.15121642 0.40805471
vt -0.0003426075 0.8920185
vt 0.66886675 0.5004189
vt 1.2950513 0.5004189
vt -0.00034284592 1.0115989
vt 0.75 0.203125
vt 0.75 0
vt 0.9062292 0.32100785
vt 1 0.203125
vt 0 0.203125
vt 0 0
vt 0.44058365 0.15644431
vt 0.24637589 1
vt 0.74350202 0.30256236
vt 0.75331122 1
vt 1 0
vt 0.659217 0.10291141
vt 0.65954733 0.10330385
vt 0.2923938 0.53747004
vt 0.7764321 0.50457662
vt 0.70832837 0.44740814
vt 0.515625 0
vt 1 0.55111891
vt 1.0721117 0.44980022
vt -0.14842905 0.53698963
vt -0.17212766 0.44980022
vt -0.17224926 0.44980022
vt 0.671875 0.40625
vt -0.17227119 0.50041884
vt 0.67908669 0.53504556
vt 0.25911927 0.50013566
vt 0.48590243 0.71542692
vt 0.43528634 0.076600611
vt 0.58455575 0.60512865
vt 0.67908669 0.50180167
vt 0.49595416 0.50042635
vt 0.54161173 0.41587746
vt 0.15180224 0.40805471
vt 0.74073184 0.0039062798
vt 0.74350238 0.40706211
vt 0.92538261 0.91273218
vt -0.0003426075 0.81162339
vt 0.23517889 0.45278448
vt 1.0000092 -5.9604645e-08
vt -0.00037944317 -0.072636597
vt 1.1739689 0.5004189
vt 5.9604645e-08 0.55111891
vt 1.1270831 0.5004189
vt 0.81962818 0.5004189
vt 0.61607194 0.55313349
vt 0.80696833 0.44773307
vt 0.76552641 0.5004189
vt -0.51626837 0.5364421
vt 0.75 0
vt 0.21419853 0
vt 0.097687304 0.44980022
vt 0.59792376 0.5004189
vt 0.40397611 0.15644813
vt 0.097686768 0.5004189
vt 1.0879757 0.41028726
vt 1 1
vt 0.2435853 0.44773307
vt 0.72081113 -0.023634687
vt 1.1976331 0.44980025
vt 0.72526586 0.40624219
vt 0.21875 0.203125
vt 0.99626094 0.50180167
vt -0.0003426075 0.12491626
vt 0.4375 0.40625
vt 0.46713853 0.44818616
vt 2.9802322e-08 0.45278448
vt 0.38394618 0.55313349
vt 0.49826211 0
vt 0.75 0.203125
vt 0.75 0
vt 9.149313e-06 -5.9604645e-08
vt 0.99999154 0.50182837
vt 0.99999082 5.9604645e-08
vt 0.46713853 0.41180012
vt 1 0.203125
vt 0.65973353 0.10276884
vt 0.26651913 0.50457662
vt 0.61431968 0.12989789
vt 0.59792376 0.44980022
vt 0.75331122 1
vt 0.62734336 0.18572773
vt 0.37523174 0.5084818
vt 1 0
vt -0.51626837 0.41180003
vt 1.0601245 0.53504562
vt 0.45874679 0.45278448
vt -0.064693928 0.44965619
vt 0.25895524 0
vt 0.72526586 0.45278448
vt 1.029933 0.44980025
vt 0.99626094 0.53504562
vt -0.12521994 0.50041884
vt 0.26393265 0.605129
vn -5.5039635e-07 -0.93776232 0.34727764
vn -5.6379423e-07 -0.99999994 -0.00049532828
vn -2.8173386e-07 -0.99999994 -0.00049573893
vn -4.1682728e-07 -0.93776232 0.34727764
vn 0.29801735 -0.9545604 -1.8918239e-07
vn 0.49164534 -0.87079555 -1.4197789e-07
vn 0.52573222 -0.85065007 5.5554391e-08
vn 0.34694618 -0.93788505 -6.2033799e-08
vn 0.49164534 -0.87079555 -1.4197789e-07
vn 0.68317062 -0.7302587 1.5917571e-07
vn 0.7264539 -0.68721521 3.3460535e-07
vn 0.52573222 -0.85065007 5.5554391e-08
vn 0.68317062 -0.7302587 1.5917571e-07
vn 0.87158632 -0.49024183 0.0003789193
vn 0.88468319 -0.46619195 0.00077682215
vn 0.7264539 -0.68721521 3.3460535e-07
vn 0.87158632 -0.49024183 0.0003789193
vn 0.94819313 -0.31769016 0.0016715374
vn 0.9522205 -0.30541128 8.1867884e-06
vn 0.88468319 -0.46619195 0.00077682215
vn 0.94819313 -0.31769016 0.0016715374
vn 0.99122226 -0.13207281 -0.005933567
vn 0.9522205 -0.30541128 8.1867884e-06
vn 1.2471205e-07 -1 1.2715947e-09
vn -0.29801729 -0.95456046 1.9789374e-07
vn -0.34694636 -0.93788499 1.0332595e-07
vn 4.3513566e-07 -1 5.4041611e-09
vn -1.4300034e-07 -0.87079543 0.49164557
vn -4.9713741e-08 -0.85065007 0.52573228
vn 0 -0.68721527 0.72645378
vn 0 -0.73025876 0.68317056
vn 0 -0.73025876 0.68317056
vn 0 -0.68721527 0.72645378
vn 1.1608979e-07 -0.46657225 0.8844831
vn 0 -0.49030125 0.871553
vn 0 -0.49030125 0.871553
vn 1.1608979e-07 -0.46657225 0.8844831
vn 2.959371e-07 -0.30784348 0.95143706
vn 2.3484093e-07 -0.31993607 0.94743913
vn 2.3484093e-07 -0.31993607 0.94743913
vn 2.959371e-07 -0.30784348 0.95143706
vn 1.1038198e-07 -0.12968767 0.99155492
vn 0.34694618 -0.93788505 7.7956777e-08
vn 0.52467257 -0.85130399 1.9065301e-07
vn 0.52467275 -0.85130399 9.2856652e-08
vn 0.34694618 -0.93788505 -4.5004612e-08
vn -7.3337463e-07 -1 1.2239509e-14
vn -0.34694615 -0.93788505 -9.1749017e-09
vn -0.34694618 -0.93788505 8.3354593e-08
vn -2.6401489e-07 -1 2.0982019e-14
vn 2.2488462e-07 -0.9545604 -0.29801726
vn 1.4142319e-07 -0.93788505 -0.34694621
vn 1.010964e-07 -0.85065007 -0.52573234
vn 2.9243967e-07 -0.87115598 -0.49100646
vn 2.9243967e-07 -0.87115598 -0.49100646
vn 1.010964e-07 -0.85065007 -0.52573234
vn 0 -0.68721533 -0.72645366
vn 0 -0.72913748 -0.68436724
vn 0 -0.72913748 -0.68436724
vn 0 -0.68721533 -0.72645366
vn -0.00075805257 -0.46621078 -0.8846733
vn -0.00035526688 -0.4895964 -0.87194908
vn -0.00035526688 -0.4895964 -0.87194908
vn -0.00075805257 -0.46621078 -0.8846733
vn -0.0017886341 -0.30790254 -0.95141619
vn -0.0016558563 -0.32052892 -0.94723731
vn -0.0016558563 -0.32052892 -0.94723731
vn -0.0017886341 -0.30790254 -0.95141619
vn -0.00082718139 -0.13032442 -0.99147105
vn 2.590173e-07 -1 -1.8297641e-14
vn 0.29801735 -0.9545604 -1.8918239e-07
vn 0.34694618 -0.93788505 -6.2033799e-08
vn -2.6401489e-07 -1 2.0982019e-14
vn -0.49164563 -0.87079531 4.3131734e-09
vn -0.68316966 -0.73025966 -5.4876364e-07
vn -0.72645336 -0.68721575 -4.8007234e-07
vn -0.52573216 -0.85065013 -2.0658153e-07
vn -0.68316966 -0.73025966 -5.4876364e-07
vn -0.87158793 -0.49023893 -0.00038468698
vn -0.8846854 -0.46618789 -0.00078047306
vn -0.72645336 -0.68721575 -4.8007234e-07
vn -0.87158793 -0.49023893 -0.00038468698
vn -0.94724584 -0.32050365 -0.001708398
vn -0.95142126 -0.30788702 -0.0017902951
vn -0.8846854 -0.46618789 -0.00078047306
vn -0.94724584 -0.32050365 -0.001708398
vn -0.99147034 -0.13032922 -0.00081779639
vn -0.95142126 -0.30788702 -0.0017902951
vn -0.29801729 -0.95456046 1.9789374e-07
vn -0.49164563 -0.87079531 4.3131734e-09
vn -0.52573216 -0.85065013 -2.0658153e-07
vn -0.34694636 -0.93788499 1.0332595e-07
vn -0.88483983 -0.46589404 0.0010392114
vn -0.95161486 -0.30728856 0.0017119055
vn -0.95142019 -0.30789024 0.0017900394
vn -0.88468307 -0.46619231 0.00077636994
vn -0.52573192 -0.85065031 -1.208184e-07
vn -0.7264536 -0.68721551 -1.2208265e-07
vn -0.72645348 -0.68721569 -1.8307212e-07
vn -0.52573204 -0.85065025 -5.1856947e-08
vn -0.95161486 -0.30728856 0.0017119055
vn -0.99254739 -0.12185739 0.0006817056
vn -0.99147046 -0.13032889 0.00081993907
vn -0.95142019 -0.30789024 0.0017900394
vn -0.7264536 -0.68721551 -1.2208265e-07
vn -0.88483983 -0.46589404 0.0010392114
vn -0.88468307 -0.46619231 0.00077636994
vn -0.72645348 -0.68721569 -1.8307212e-07
vn -2.8560677e-07 -0.9545604 0.29801729
vn -1.2909905e-07 -0.93788505 0.34694615
vn -4.9713741e-08 -0.85065007 0.52573228
vn -1.4300034e-07 -0.87079543 0.49164557
vn -0.001732456 -0.30730194 0.95161051
vn -0.0010391551 -0.46591574 0.88482857
vn -0.00075815903 -0.46621096 0.88467324
vn -0.0017889144 -0.30790335 0.95141596
vn 0 -0.68721533 0.72645366
vn 0 -0.85020345 0.52645433
vn -2.9800663e-08 -0.85020328 0.52645445
vn 7.2386506e-08 -0.68721527 0.72645372
vn 6.5514809e-07 -1 9.5367243e-09
vn 0.34694618 -0.93788505 7.7956777e-08
vn 0.34694618 -0.93788505 -4.5004612e-08
vn 4.3513566e-07 -1 5.4041611e-09
vn -0.00070227281 -0.12184694 0.99254864
vn -0.001732456 -0.30730194 0.95161051
vn -0.0017889144 -0.30790335 0.95141596
vn -0.00082752405 -0.13032483 0.99147099
vn -0.0010391551 -0.46591574 0.88482857
vn 0 -0.68721533 0.72645366
vn 7.2386506e-08 -0.68721527 0.72645372
vn -0.00075815903 -0.46621096 0.88467324
vn 0 -0.85020345 0.52645433
vn -5.5039635e-07 -0.93776232 0.34727764
vn -4.1682728e-07 -0.93776232 0.34727764
vn -2.9800663e-08 -0.85020328 0.52645445
vn 0.95161587 -0.30728531 -0.0017074703
vn 0.99254715 -0.12185933 -0.00067712681
vn 0.99147046 -0.13032934 -0.00081862533
vn 0.95142108 -0.30788738 -0.001790741
vn 0.72725391 -0.68636858 1.2351457e-07
vn 0.88596272 -0.46375537 -0.0010391094
vn 0.8858062 -0.46405458 -0.00078006764
vn 0.72725391 -0.68636858 9.7047185e-08
vn -0.34694615 -0.93788505 -9.1749017e-09
vn -0.52573192 -0.85065031 -1.208184e-07
vn -0.52573204 -0.85065025 -5.1856947e-08
vn -0.34694618 -0.93788505 8.3354593e-08
vn 0.88596272 -0.46375537 -0.0010391094
vn 0.95161587 -0.30728531 -0.0017074703
vn 0.95142108 -0.30788738 -0.001790741
vn 0.8858062 -0.46405458 -0.00078006764
vn 0.52467257 -0.85130399 1.9065301e-07
vn 0.72725391 -0.68636858 1.2351457e-07
vn 0.72725391 -0.68636858 9.7047185e-08
vn 0.52467275 -0.85130399 9.2856652e-08
vn 1.2291126e-10 -1 -0.00018691838
vn -2.8173386e-07 -0.99999994 -0.00049573893
vn 1.4142319e-07 -0.93788505 -0.34694621
vn 2.2488462e-07 -0.9545604 -0.29801726
vn 7.4463912e-08 -0.12121733 -0.99262589
vn 3.0561966e-07 -0.3078433 -0.95143712
vn 2.9593716e-07 -0.30784333 -0.95143706
vn 1.10382e-07 -0.12968756 -0.99155492
vn 2.321796e-07 -0.4665724 -0.88448298
vn 0 -0.68721521 -0.7264539
vn -7.0511192e-08 -0.68721527 -0.72645378
vn 1.1608979e-07 -0.46657228 -0.8844831
vn 0 -0.85065025 -0.5257321
vn 0 -0.93788505 -0.34694624
vn 1.3007609e-07 -0.93788505 -0.34694618
vn -1.9616861e-08 -0.85065025 -0.52573204
vn -3.9159467e-09 -0.99999267 0.0038289747
vn 5.3884613e-10 -1 -3.7646564e-07
vn -1.2909905e-07 -0.93788505 0.34694615
vn -2.8560677e-07 -0.9545604 0.29801729
vn 3.0561966e-07 -0.3078433 -0.95143712
vn 2.321796e-07 -0.4665724 -0.88448298
vn 1.1608979e-07 -0.46657228 -0.8844831
vn 2.9593716e-07 -0.30784333 -0.95143706
vn 0 -0.68721521 -0.7264539
vn 0 -0.85065025 -0.5257321
vn -1.9616861e-08 -0.85065025 -0.52573204
vn -7.0511192e-08 -0.68721527 -0.72645378
vn 0 -0.93788505 -0.34694624
vn 0 -1 -8.5071463e-07
vn 5.3884613e-10 -1 -3.7646564e-07
vn 1.3007609e-07 -0.93788505 -0.34694618
vn -0.70695186 -0.00021577309 -0.70726162
vn -0.71696466 0.0010068555 -0.69710875
vn -0.71693724 0.0010075208 -0.69713712
vn -0.70695108 -0.00021663531 -0.7072624
vn 0.69956946 -0.028054658 -0.7140137
vn 0.70369852 -0.011911919 -0.71039879
vn 0.70369983 -0.011906804 -0.7103976
vn 0.69956946 -0.028054658 -0.7140137
vn 0.70815969 -0.0055070776 0.70603085
vn 0.70714664 0.00095529016 0.7070663
vn 0.70714635 0.00095284742 0.70706654
vn 0.7081641 -0.0055170008 0.70602632
vn 0.71064293 -0.014039954 -0.70341277
vn 0.71402091 -0.028076775 -0.6995613
vn 0.71402091 -0.028076775 -0.6995613
vn 0.71064186 -0.014035596 -0.70341396
vn -0.69956005 -0.028083241 0.71402168
vn -0.70341176 -0.014042983 0.71064383
vn -0.70341301 -0.014038318 0.71064264
vn -0.69956005 -0.028083241 0.71402168
vn 0.70710617 3.9162839e-07 -0.70710725
vn 0.71064293 -0.014039954 -0.70341277
vn 0.71064186 -0.014035596 -0.70341396
vn 0.70710629 3.9143578e-07 -0.70710731
vn -0.70607746 -0.00098958041 -0.70813388
vn -0.70695186 -0.00021577309 -0.70726162
vn -0.70695108 -0.00021663531 -0.7072624
vn -0.70607746 -0.00098971173 -0.70813394
vn -0.70952332 -0.0090939645 0.70462334
vn -0.71084207 -0.015992872 0.70316988
vn -0.71084118 -0.015989367 0.70317084
vn -0.7095269 -0.0091033475 0.70461959
vn -0.70341176 -0.014042983 0.71064383
vn -0.70710635 2.067666e-07 0.70710719
vn -0.70710641 2.0686834e-07 0.70710719
vn -0.70341301 -0.014038318 0.71064264
vn 0.70714664 0.00095529016 0.7070663
vn 0.70699418 0.0023093275 0.70721567
vn 0.70699334 0.0023066907 0.70721638
vn 0.70714635 0.00095284742 0.70706654
vn 0.70369852 -0.011911919 -0.71039879
vn 0.70442188 0.013496322 -0.70965326
vn 0.7044332 0.013463685 -0.70964253
vn 0.70369983 -0.011906804 -0.7103976
vn 0.70710659 3.9162765e-07 -0.70710695
vn 0.70710617 3.9162839e-07 -0.70710725
vn 0.70710629 3.9143578e-07 -0.70710731
vn 0.70710665 3.9163851e-07 -0.70710695
vn -0.7083984 0.00130774 -0.70581156
vn -0.70607746 -0.00098958041 -0.70813388
vn -0.70607746 -0.00098971173 -0.70813394
vn -0.70840138 0.0013102241 -0.70580864
vn -0.71403265 -0.012699654 0.69999713
vn -0.70952332 -0.0090939645 0.70462334
vn -0.7095269 -0.0091033475 0.70461959
vn -0.7140438 -0.012694221 0.69998598
vn -0.70710635 2.067666e-07 0.70710719
vn -0.70710647 0 0.70710719
vn -0.70710647 0 0.70710713
vn -0.70710641 2.0686834e-07 0.70710719
vn 0.70699418 0.0023093275 0.70721567
vn 0.70515501 0.0016370236 0.70905131
vn 0.70515299 0.0016390065 0.70905334
vn 0.70699334 0.0023066907 0.70721638
vn 0.70442188 0.013496322 -0.70965326
vn 0.71584767 0.0072671371 -0.69821864
vn 0.71580082 0.0073172553 -0.69826609
vn 0.7044332 0.013463685 -0.70964253
vn 0.70710748 0 -0.70710605
vn 0.70710659 3.9162765e-07 -0.70710695
vn 0.70710665 3.9163851e-07 -0.70710695
vn 0.70710754 0 -0.70710605
vn -0.71231961 0.0012955914 -0.70185411
vn -0.7083984 0.00130774 -0.70581156
vn -0.70840138 0.0013102241 -0.70580864
vn -0.7119382 0.0016136932 -0.70224023
vn -0.71414882 -0.0068337219 0.69996053
vn -0.71403265 -0.012699654 0.69999713
vn -0.7140438 -0.012694221 0.69998598
vn -0.71416199 -0.0068575582 0.69994694
vn -0.70710647 0 0.70710719
vn -0.70710605 0 0.70710754
vn -0.70710599 0 0.70710742
vn -0.70710647 0 0.70710713
vn 0.71584767 0.0072671371 -0.69821864
vn 0.72094965 -0.0029377076 -0.69298118
vn 0.72087401 -0.0028945915 -0.6930601
vn 0.71580082 0.0073172553 -0.69826609
vn 0.70515501 0.0016370236 0.70905131
vn 0.70185393 0.0012954616 0.71231973
vn 0.70223993 0.0016135253 0.7119385
vn 0.70515299 0.0016390065 0.70905334
vn 0.64424682 -0.41218042 0.64424634
vn 0.69736117 -0.16545242 0.69736123
vn 0.69736117 -0.16545242 0.69736123
vn 0.64424682 -0.41218039 0.6442464
vn 0.5689643 -0.5937686 0.56896269
vn 0.64424682 -0.41218042 0.64424634
vn 0.64424682 -0.41218039 0.6442464
vn 0.56896436 -0.59376848 0.56896275
vn 0.42859334 -0.79537201 0.42859206
vn 0.5689643 -0.5937686 0.56896269
vn 0.56896436 -0.59376848 0.56896275
vn 0.42859337 -0.79537183 0.42859209
vn 0.28375316 -0.91595209 0.28375345
vn 0.42859334 -0.79537201 0.42859206
vn 0.42859337 -0.79537183 0.42859209
vn 0.28375316 -0.91595209 0.28375345
vn 0.18050678 -0.96684915 0.18061005
vn 0.28375316 -0.91595209 0.28375345
vn 0.28375316 -0.91595209 0.28375345
vn 0.18050675 -0.96684915 0.18060999
vn -0.69736123 -0.16545253 0.69736129
vn -0.64424622 -0.41218078 0.64424664
vn -0.6442464 -0.41218036 0.64424676
vn -0.69736117 -0.16545251 0.69736123
vn -0.64424622 -0.41218078 0.64424664
vn -0.56896323 -0.59376878 0.56896341
vn -0.56896329 -0.59376878 0.56896335
vn -0.6442464 -0.41218036 0.64424676
vn -0.56896323 -0.59376878 0.56896341
vn -0.4285889 -0.79537654 0.42858824
vn -0.42859575 -0.79536909 0.4285951
vn -0.56896329 -0.59376878 0.56896335
vn -0.4285889 -0.79537654 0.42858824
vn -0.28339648 -0.91586685 0.2843841
vn -0.28337273 -0.9158814 0.28436083
vn -0.42859575 -0.79536909 0.4285951
vn -0.28339648 -0.91586685 0.2843841
vn -0.18009587 -0.96673065 0.18165179
vn -0.17954896 -0.96693569 0.18110073
vn -0.28337273 -0.9158814 0.28436083
vn 0.64423949 -0.41219687 -0.64424318
vn 0.69736123 -0.1654523 -0.69736123
vn 0.69736123 -0.1654523 -0.69736123
vn 0.64424551 -0.41217825 -0.64424914
vn 0.57061219 -0.59313399 -0.56797343
vn 0.64423949 -0.41219687 -0.64424318
vn 0.64424551 -0.41217825 -0.64424914
vn 0.57057965 -0.593198 -0.5679391
vn 0.4315539 -0.79458946 -0.42707008
vn 0.57061219 -0.59313399 -0.56797343
vn 0.57057965 -0.593198 -0.5679391
vn 0.43059182 -0.79562259 -0.42611659
vn 0.2801545 -0.91528469 -0.28942603
vn 0.4315539 -0.79458946 -0.42707008
vn 0.43059182 -0.79562259 -0.42611659
vn 0.2797285 -0.9155165 -0.2891047
vn 0.16964789 -0.96767551 -0.18661095
vn 0.2801545 -0.91528469 -0.28942603
vn 0.2797285 -0.9155165 -0.2891047
vn 0.17545089 -0.96539897 -0.19292937
vn -0.18009587 -0.96673065 0.18165179
vn -0.12303442 -0.98460531 0.12415676
vn -0.12303442 -0.98460531 0.12415676
vn -0.17954896 -0.96693569 0.18110073
vn 0.11617108 -0.98489773 -0.12837748
vn 0.16964789 -0.96767551 -0.18661095
vn 0.17545089 -0.96539897 -0.19292937
vn 0.11617108 -0.98489773 -0.12837748
vn -0.64420134 -0.41227823 -0.64422929
vn -0.69736117 -0.16545272 -0.69736117
vn -0.69736111 -0.16545273 -0.69736129
vn -0.644243 -0.41214797 -0.6442709
vn -0.56113458 -0.59080154 -0.57972533
vn -0.64420134 -0.41227823 -0.64422929
vn -0.644243 -0.41214797 -0.6442709
vn -0.56175983 -0.58979052 -0.58014917
vn -0.41708872 -0.79063165 -0.44826177
vn -0.56113458 -0.59080154 -0.57972533
vn -0.56175983 -0.58979052 -0.58014917
vn -0.41174302 -0.7966159 -0.44257307
vn -0.27657446 -0.91651183 -0.28898555
vn -0.41708872 -0.79063165 -0.44826177
vn -0.41174302 -0.7966159 -0.44257307
vn -0.27628198 -0.91672069 -0.28860286
vn -0.1805155 -0.96684539 -0.18062149
vn -0.27657446 -0.91651183 -0.28898555
vn -0.27628198 -0.91672069 -0.28860286
vn -0.18046187 -0.96686542 -0.18056796
vn 0.12364583 -0.98456717 0.1238514
vn 0.18050678 -0.96684915 0.18061005
vn 0.18050675 -0.96684915 0.18060999
vn 0.12364583 -0.98456717 0.1238514
vn -0.1236084 -0.98457772 -0.12380427
vn -0.1805155 -0.96684539 -0.18062149
vn -0.18046187 -0.96686542 -0.18056796
vn -0.1236084 -0.98457772 -0.12380427
vn -0.71084207 -0.015992872 0.70316988
vn -0.71394962 -0.02777059 0.69964612
vn -0.71394962 -0.02777059 0.69964612
vn -0.71084118 -0.015989367 0.70317084
vn -0.70548242 0.0014726813 -0.70872581
vn -0.70185286 0.0012959124 -0.71232092
vn -0.70223904 0.0016139541 -0.71193928
vn -0.70548004 0.0014749215 -0.70872831
vn 0.71195245 -0.022074703 0.70188046
vn 0.70815969 -0.0055070776 0.70603085
vn 0.7081641 -0.0055170008 0.70602632
vn 0.71194053 -0.022004832 0.70189506
vn 0.70872486 0.0014728275 0.70548344
vn 0.70710605 0 0.70710748
vn 0.70710605 0 0.70710748
vn 0.7087273 0.0014750676 0.70548099
vn -0.71696466 0.0010068555 -0.69710875
vn -0.70470619 -0.0078573525 -0.70945573
vn -0.70461082 -0.0078962026 -0.7095499
vn -0.71693724 0.0010075208 -0.69713712
vn 0.7036202 -0.0131378 0.7104547
vn 0.70109427 -0.027785651 0.71252704
vn 0.70109427 -0.027785651 0.71252704
vn 0.70361984 -0.013139898 0.71045512
vn -0.70710653 -3.0970867e-07 -0.70710713
vn -0.70548242 0.0014726813 -0.70872581
vn -0.70548004 0.0014749215 -0.70872831
vn -0.70710653 -3.0950937e-07 -0.70710707
vn -0.71404415 -0.028776744 -0.69950908
vn -0.71077085 -0.01481209 -0.70326757
vn -0.71076828 -0.014801337 -0.70327044
vn -0.71404415 -0.028776744 -0.69950908
vn 0.70710605 0 0.70710748
vn 0.70718277 0.00014333197 0.70703077
vn 0.70718277 0.00014333632 0.70703077
vn 0.70710605 0 0.70710748
vn 0.71419615 -0.035433605 0.69904816
vn 0.71195245 -0.022074703 0.70188046
vn 0.71194053 -0.022004832 0.70189506
vn 0.71419615 -0.035433605 0.69904816
vn -0.70470619 -0.0078573525 -0.70945573
vn -0.68303174 -0.016547937 -0.73020124
vn -0.68303174 -0.016547937 -0.73020124
vn -0.70461082 -0.0078962026 -0.7095499
vn -0.70718324 -0.00014481758 -0.7070303
vn -0.70710653 -3.0970867e-07 -0.70710713
vn -0.70710653 -3.0950937e-07 -0.70710707
vn -0.7071833 -0.00014482155 -0.7070303
vn 0.70718277 0.00014333197 0.70703077
vn 0.7066232 0.00089638506 0.70758939
vn 0.70662302 0.00089659006 0.70758963
vn 0.70718277 0.00014333632 0.70703077
vn 0.71100402 0.0026267685 -0.70318311
vn 0.71231949 0.0012955877 -0.70185417
vn 0.71193814 0.001613701 -0.70224029
vn 0.71100295 0.0026272472 -0.70318407
vn -0.70872474 0.0014726776 0.7054835
vn -0.71231949 0.0012955916 0.70185417
vn -0.71193814 0.0016136933 0.70224029
vn -0.70872724 0.0014749177 0.70548105
vn -0.70729989 -0.00056320656 -0.70691341
vn -0.70718324 -0.00014481758 -0.7070303
vn -0.7071833 -0.00014482155 -0.7070303
vn -0.70730001 -0.00056339963 -0.70691335
vn -0.70185483 0.0012955971 0.7123189
vn -0.70775598 0.00032771568 0.70645678
vn -0.70775026 0.00033163361 0.70646268
vn -0.70224094 0.0016136949 0.71193749
vn 0.7066232 0.00089638506 0.70758939
vn 0.7036202 -0.0131378 0.7104547
vn 0.70361984 -0.013139898 0.71045512
vn 0.70662302 0.00089659006 0.70758963
vn 0.72094965 -0.0029377076 -0.69298118
vn 0.71100402 0.0026267685 -0.70318311
vn 0.71100295 0.0026272472 -0.70318407
vn 0.72087401 -0.0028945915 -0.6930601
vn -0.71077085 -0.01481209 -0.70326757
vn -0.70729989 -0.00056320656 -0.70691341
vn -0.70730001 -0.00056339963 -0.70691335
vn -0.71076828 -0.014801337 -0.70327044
vn -0.70710605 0 0.70710754
vn -0.70872474 0.0014726776 0.7054835
vn -0.70872724 0.0014749177 0.70548105
vn -0.70710599 0 0.70710742
vn -0.70775598 0.00032771568 0.70645678
vn -0.71414882 -0.0068337219 0.69996053
vn -0.71416199 -0.0068575582 0.69994694
vn -0.70775026 0.00033163361 0.70646268
vn 0.7055251 0.0014636784 -0.70868337
vn 0.70710748 0 -0.70710605
vn 0.70710754 0 -0.70710605
vn 0.70551771 0.0014704607 -0.7086907
vn 0.70550805 0.00010415666 0.70870191
vn 0.70550805 0.00010415666 0.70870191
vn 0.70550901 0.00010465182 0.70870101
vn 0.70550901 0.00010465155 0.70870095
vn -0.70097637 -0.0081845364 -0.71313751
vn -0.70097637 -0.0081845364 -0.71313751
vn -0.69956124 -0.0014390771 -0.71457118
vn -0.699561 -0.0014382002 -0.71457136
vn -0.7074337 -1.7080272e-05 0.70677978
vn -0.7074337 -1.7080272e-05 0.70677978
vn -0.70743328 -1.72113e-05 0.70678025
vn -0.70743328 -1.721129e-05 0.7067802
vn 0.00088758522 -0.67106062 -0.74140191
vn 0.0008867475 -0.67198002 -0.74056876
vn 0.0009666757 -0.57059246 -0.82123274
vn 0.81381291 -0.58112508 0.0014764013
vn 0.81457937 -0.58005041 0.001454478
vn 0.77853215 -0.62760311 0.001391839
vn 0.73611134 -0.67685908 0.0013352257
vn -0.0012806747 -0.58021742 0.81446064
vn 0.0008144147 -0.67818117 0.73489428
vn 0.0014235151 -0.7047407 0.7094636
vn -0.81397599 -0.58089739 -0.0011838333
vn -0.73511004 -0.67794704 -0.001059962
vn -0.73527241 -0.67777085 -0.0010602155
vn 0.0014235151 -0.7047407 0.7094636
vn 0.0008144147 -0.67818117 0.73489428
vn 0.003200606 -0.7771982 0.62924778
vn 0.003200606 -0.7771982 0.62924778
vn -0.699561 -0.0014382002 -0.71457136
vn -0.69956124 -0.0014390771 -0.71457118
vn -0.69661117 0.012122936 -0.71734643
vn 0.70707917 1.7213008e-05 -0.70713449
vn 0.70707911 1.7213129e-05 -0.70713443
vn 0.70707721 1.7139817e-05 -0.70713633
vn 0.70550901 0.00010465155 0.70870095
vn 0.70550901 0.00010465182 0.70870101
vn 0.70551091 0.00010564735 0.70869905
vn 0.70551091 0.00010564735 0.70869905
vn -0.70743328 -1.721129e-05 0.7067802
vn -0.70743328 -1.72113e-05 0.70678025
vn -0.70743245 -1.7474744e-05 0.70678091
vn 0.00088758522 -0.67106062 -0.74140191
vn 0.00077815691 -0.77324033 -0.6341126
vn 0.0008867475 -0.67198002 -0.74056876
vn 0.77853215 -0.62760311 0.001391839
vn 0.81457937 -0.58005041 0.001454478
vn 0.81625152 -0.57769489 0.001406492
vn -0.73511004 -0.67794704 -0.001059962
vn -0.63094038 -0.77583075 -0.00089815952
vn -0.73527241 -0.67777085 -0.0010602155
vn 0.77853215 -0.62760311 0.001391839
vn 0.63334042 -0.77387238 0.0011485429
vn 0.73611134 -0.67685908 0.0013352257
vn 0.99230605 -0.12363426 -0.0065682093
vn 0.99122226 -0.13207281 -0.005933567
vn 0.99994648 -0.0073164003 -0.0073161731
vn 0.99994648 -0.0073164003 -0.0073161731
vn -0.71231961 0.0012955914 -0.70185411
vn -0.7119382 0.0016136932 -0.70224023
vn -0.71386981 0 -0.7002784
vn -0.71386981 0 -0.7002784
vn 1.1038198e-07 -0.12968767 0.99155492
vn 7.4463912e-08 -0.12121741 0.99262589
vn 0 0 1
vn 0 0 1
vn 7.4463912e-08 -0.12121733 -0.99262589
vn 1.10382e-07 -0.12968756 -0.99155492
vn 0 0 -1
vn 0 0 -1
vn -0.70223904 0.0016139541 -0.71193928
vn -0.70185286 0.0012959124 -0.71232092
vn -0.70027661 5.6843862e-07 -0.71387166
vn -0.70027661 5.6843862e-07 -0.71387166
vn 0.99147046 -0.13032934 -0.00081862533
vn 0.99254715 -0.12185933 -0.00067712681
vn 1 0 0
vn 1 0 0
vn -0.69736111 -0.16545273 -0.69736129
vn -0.69736117 -0.16545272 -0.69736117
vn -0.70710683 0 -0.70710683
vn -0.70710683 0 -0.70710683
vn -0.71193814 0.0016136933 0.70224029
vn -0.71231949 0.0012955916 0.70185417
vn -0.71386981 0 0.7002784
vn -0.71386981 0 0.7002784
vn 0.70223993 0.0016135253 0.7119385
vn 0.70185393 0.0012954616 0.71231973
vn 0.7002787 0 0.71386951
vn 0.7002787 0 0.71386951
vn -0.99254715 -0.12185921 -0.00067623577
vn -0.99147034 -0.13032922 -0.00081779639
vn -1 0 0
vn -1 0 0
vn -0.69736123 -0.16545253 0.69736129
vn -0.69736117 -0.16545251 0.69736123
vn -0.70710683 0 0.70710683
vn -0.70710683 0 0.70710683
vn 0.71193814 0.001613701 -0.70224029
vn 0.71231949 0.0012955877 -0.70185417
vn 0.71386987 0 -0.70027846
vn 0.71386987 0 -0.70027846
vn -0.00082718139 -0.13032442 -0.99147105
vn -0.00070191582 -0.12184706 -0.99254864
vn 0 0 -0.99999994
vn 0 0 -0.99999994
vn 0.69736123 -0.1654523 -0.69736123
vn 0.69736123 -0.1654523 -0.69736123
vn 0.70710683 0 -0.70710683
vn 0.70710683 0 -0.70710683
vn -0.99147046 -0.13032889 0.00081993907
vn -0.99254739 -0.12185739 0.0006817056
vn -1 0 0
vn -1 0 0
vn 0.69736117 -0.16545242 0.69736123
vn 0.69736117 -0.16545242 0.69736123
vn 0.70710683 0 0.70710683
vn 0.70710683 0 0.70710683
vn -0.00070227281 -0.12184694 0.99254864
vn -0.00082752405 -0.13032483 0.99147099
vn 0 0 1
vn 0 0 1
vn -0.70185483 0.0012955971 0.7123189
vn -0.70224094 0.0016136949 0.71193749
vn -0.70027936 0 0.71386904
vn -0.70027936 0 0.71386904
vn 0.70708007 1.72496e-05 -0.70713347
vn 0.70708007 1.72496e-05 -0.70713347
vn 0.70707911 1.7213129e-05 -0.70713443
vn 0.70707917 1.7213008e-05 -0.70713449
vn 0.34694618 -0.93788505 -6.2033799e-08
vn 0.52573222 -0.85065007 5.5554391e-08
vn 0.5257324 -0.85065001 1.8835789e-07
vn 0.34694612 -0.93788499 7.6845573e-08
vn 0.7264539 -0.68721521 3.3460535e-07
vn 0.88468319 -0.46619195 0.00077682215
vn 0.88484013 -0.4658936 0.0010397728
vn 0.72645396 -0.68721509 4.6068084e-07
vn 0.9522205 -0.30541128 8.1867884e-06
vn 0.99122226 -0.13207281 -0.005933567
vn 0.99230605 -0.12363426 -0.0065682093
vn 0.95214939 -0.30562723 -0.0018613916
vn 0.70188147 0.0012875762 -0.71229267
vn 0.7055251 0.0014636784 -0.70868337
vn 0.70551771 0.0014704607 -0.7086907
vn 0.7022807 0.0016088171 -0.71189833
vn -0.52573204 -0.85065025 -5.1856947e-08
vn -0.72645348 -0.68721569 -1.8307212e-07
vn -0.68317032 -0.73025906 -2.0729789e-07
vn -0.49164563 -0.87079537 8.6351179e-08
vn -0.72645348 -0.68721569 -1.8307212e-07
vn -0.88468307 -0.46619231 0.00077636994
vn -0.87158608 -0.49024236 0.00037848667
vn -0.68317032 -0.73025906 -2.0729789e-07
vn 0.70027846 0 -0.71386975
vn 0.70188147 0.0012875762 -0.71229267
vn 0.7022807 0.0016088171 -0.71189833
vn 0.70027846 0 -0.71386975
vn 0.52573222 -0.85065007 5.5554391e-08
vn 0.7264539 -0.68721521 3.3460535e-07
vn 0.72645396 -0.68721509 4.6068084e-07
vn 0.5257324 -0.85065001 1.8835789e-07
vn 0.88468319 -0.46619195 0.00077682215
vn 0.9522205 -0.30541128 8.1867884e-06
vn 0.95214939 -0.30562723 -0.0018613916
vn 0.88484013 -0.4658936 0.0010397728
vn -0.34694618 -0.93788505 8.3354593e-08
vn -0.52573204 -0.85065025 -5.1856947e-08
vn -0.49164563 -0.87079537 8.6351179e-08
vn -0.29801714 -0.95456052 1.7596913e-07
vn -2.6401489e-07 -1 2.0982019e-14
vn -0.34694618 -0.93788505 8.3354593e-08
vn -0.29801714 -0.95456052 1.7596913e-07
vn 2.590173e-07 -1 -1.8297641e-14
vn -2.6401489e-07 -1 2.0982019e-14
vn 0.34694618 -0.93788505 -6.2033799e-08
vn 0.34694612 -0.93788499 7.6845573e-08
vn -7.3337463e-07 -1 1.2239509e-14
vn -0.88468307 -0.46619231 0.00077636994
vn -0.95142019 -0.30789024 0.0017900394
vn -0.94724411 -0.32050854 0.0016982261
vn -0.87158608 -0.49024236 0.00037848667
vn -0.95142019 -0.30789024 0.0017900394
vn -0.99147046 -0.13032889 0.00081993907
vn -0.94724411 -0.32050854 0.0016982261
vn 7.2386506e-08 -0.68721527 0.72645372
vn -2.9800663e-08 -0.85020328 0.52645445
vn -2.1161689e-07 -0.87020534 0.49268922
vn 1.9607158e-07 -0.73025876 0.68317062
vn -0.00082752405 -0.13032483 0.99147099
vn -0.0017889144 -0.30790335 0.95141596
vn -0.0016558568 -0.32052985 0.94723696
vn -2.9800663e-08 -0.85020328 0.52645445
vn -4.1682728e-07 -0.93776232 0.34727764
vn -2.2474977e-07 -0.95466083 0.29769579
vn -2.1161689e-07 -0.87020534 0.49268922
vn 1.4142319e-07 -0.93788505 -0.34694621
vn -2.8173386e-07 -0.99999994 -0.00049573893
vn -5.6379423e-07 -0.99999994 -0.00049532828
vn 0 -0.93788505 -0.34694612
vn 1.010964e-07 -0.85065007 -0.52573234
vn 1.4142319e-07 -0.93788505 -0.34694621
vn 0 -0.93788505 -0.34694612
vn 0 -0.85065001 -0.52573234
vn -0.00075805257 -0.46621078 -0.8846733
vn 0 -0.68721533 -0.72645366
vn 0 -0.68721551 -0.7264536
vn -0.0010389424 -0.46591559 -0.88482857
vn -0.00082718139 -0.13032442 -0.99147105
vn -0.0017886341 -0.30790254 -0.95141619
vn -0.0017318871 -0.30730167 -0.95161051
vn -0.00070191582 -0.12184706 -0.99254864
vn 0.71231955 0.0012957231 0.70185411
vn 0.70872486 0.0014728275 0.70548344
vn 0.7087273 0.0014750676 0.70548099
vn 0.7119382 0.0016138573 0.70224023
vn -0.0017889144 -0.30790335 0.95141596
vn -0.00075815903 -0.46621096 0.88467324
vn -0.00035176976 -0.49025327 0.87157989
vn -0.0016558568 -0.32052985 0.94723696
vn -0.00075815903 -0.46621096 0.88467324
vn 7.2386506e-08 -0.68721527 0.72645372
vn 1.9607158e-07 -0.73025876 0.68317062
vn -0.00035176976 -0.49025327 0.87157989
vn -4.1682728e-07 -0.93776232 0.34727764
vn -2.8173386e-07 -0.99999994 -0.00049573893
vn 1.2291126e-10 -1 -0.00018691838
vn -2.2474977e-07 -0.95466083 0.29769579
vn 0 -0.68721533 -0.72645366
vn 1.010964e-07 -0.85065007 -0.52573234
vn 0 -0.85065001 -0.52573234
vn 0 -0.68721551 -0.7264536
vn -0.0017886341 -0.30790254 -0.95141619
vn -0.00075805257 -0.46621078 -0.8846733
vn -0.0010389424 -0.46591559 -0.88482857
vn -0.0017318871 -0.30730167 -0.95161051
vn 0.71386981 0 0.7002784
vn 0.71231955 0.0012957231 0.70185411
vn 0.7119382 0.0016138573 0.70224023
vn 0.71386981 0 0.7002784
vn 0.72725391 -0.68636858 9.7047185e-08
vn 0.8858062 -0.46405458 -0.00078006764
vn 0.87306333 -0.48760667 -0.00038395106
vn 0.6830135 -0.73040587 9.5597734e-08
vn 0.8858062 -0.46405458 -0.00078006764
vn 0.95142108 -0.30788738 -0.001790741
vn 0.9472456 -0.32050416 -0.0017081362
vn 0.87306333 -0.48760667 -0.00038395106
vn 0.34694618 -0.93788505 -4.5004612e-08
vn 0.52467275 -0.85130399 9.2856652e-08
vn 0.49109715 -0.87110478 -6.8285374e-08
vn 0.29801723 -0.95456046 -1.7630236e-07
vn -0.52573216 -0.85065013 -2.0658153e-07
vn -0.72645336 -0.68721575 -4.8007234e-07
vn -0.72645354 -0.68721563 -4.1944293e-07
vn -0.52573246 -0.85064995 -2.4513076e-07
vn -0.8846854 -0.46618789 -0.00078047306
vn -0.95142126 -0.30788702 -0.0017902951
vn -0.95161587 -0.30728531 -0.0017063557
vn -0.88484234 -0.46588942 -0.0010393111
vn -0.34694636 -0.93788499 1.0332595e-07
vn -0.52573216 -0.85065013 -2.0658153e-07
vn -0.52573246 -0.85064995 -2.4513076e-07
vn -0.3469463 -0.93788499 0
vn 4.3513566e-07 -1 5.4041611e-09
vn 0.34694618 -0.93788505 -4.5004612e-08
vn 0.29801723 -0.95456046 -1.7630236e-07
vn 1.2471205e-07 -1 1.2715947e-09
vn 0.95142108 -0.30788738 -0.001790741
vn 0.99147046 -0.13032934 -0.00081862533
vn 0.9472456 -0.32050416 -0.0017081362
vn 0.52467275 -0.85130399 9.2856652e-08
vn 0.72725391 -0.68636858 9.7047185e-08
vn 0.6830135 -0.73040587 9.5597734e-08
vn 0.49109715 -0.87110478 -6.8285374e-08
vn 4.3513566e-07 -1 5.4041611e-09
vn -0.34694636 -0.93788499 1.0332595e-07
vn -0.3469463 -0.93788499 0
vn 6.5514809e-07 -1 9.5367243e-09
vn -0.72645336 -0.68721575 -4.8007234e-07
vn -0.8846854 -0.46618789 -0.00078047306
vn -0.88484234 -0.46588942 -0.0010393111
vn -0.72645354 -0.68721563 -4.1944293e-07
vn -0.95142126 -0.30788702 -0.0017902951
vn -0.99147034 -0.13032922 -0.00081779639
vn -0.99254715 -0.12185921 -0.00067623577
vn -0.95161587 -0.30728531 -0.0017063557
vn 1.1608979e-07 -0.46657228 -0.8844831
vn -7.0511192e-08 -0.68721527 -0.72645378
vn -1.9099207e-07 -0.73025888 -0.68317062
vn 0 -0.49030119 -0.87155306
vn 0 -0.68721527 0.72645378
vn -4.9713741e-08 -0.85065007 0.52573228
vn 0 -0.85064995 0.52573246
vn 0 -0.68721521 0.7264539
vn 2.959371e-07 -0.30784348 0.95143706
vn 1.1608979e-07 -0.46657225 0.8844831
vn 2.321796e-07 -0.46657223 0.88448304
vn 3.0561964e-07 -0.3078433 0.95143706
vn -1.2909905e-07 -0.93788505 0.34694615
vn 5.3884613e-10 -1 -3.7646564e-07
vn 0 -1 -8.5071463e-07
vn 0 -0.93788505 0.346946
vn -7.0511192e-08 -0.68721527 -0.72645378
vn -1.9616861e-08 -0.85065025 -0.52573204
vn 6.5049626e-08 -0.87059867 -0.4919939
vn -1.9099207e-07 -0.73025888 -0.68317062
vn 1.10382e-07 -0.12968756 -0.99155492
vn 2.9593716e-07 -0.30784333 -0.95143706
vn 2.3484095e-07 -0.31993583 -0.94743919
vn -1.9616861e-08 -0.85065025 -0.52573204
vn 1.3007609e-07 -0.93788505 -0.34694618
vn 2.8719816e-07 -0.95431548 -0.29880059
vn 6.5049626e-08 -0.87059867 -0.4919939
vn 2.9593716e-07 -0.30784333 -0.95143706
vn 1.1608979e-07 -0.46657228 -0.8844831
vn 0 -0.49030119 -0.87155306
vn 2.3484095e-07 -0.31993583 -0.94743919
vn 1.3007609e-07 -0.93788505 -0.34694618
vn 5.3884613e-10 -1 -3.7646564e-07
vn -3.9159467e-09 -0.99999267 0.0038289747
vn 2.8719816e-07 -0.95431548 -0.29880059
vn 1.1608979e-07 -0.46657225 0.8844831
vn 0 -0.68721527 0.72645378
vn 0 -0.68721521 0.7264539
vn 2.321796e-07 -0.46657223 0.88448304
vn 1.1038198e-07 -0.12968767 0.99155492
vn 2.959371e-07 -0.30784348 0.95143706
vn 3.0561964e-07 -0.3078433 0.95143706
vn 7.4463912e-08 -0.12121741 0.99262589
vn -4.9713741e-08 -0.85065007 0.52573228
vn -1.2909905e-07 -0.93788505 0.34694615
vn 0 -0.93788505 0.346946
vn 0 -0.85064995 0.52573246
vn 1 0 0
vn 1 0 0
vn 1 0 0
vn 1 0 0
vn -1 0 0
vn -1 0 0
vn -1 0 0
vn -1 0 0
vn 0 1 0
vn 0 1 0
vn 0 1 0
vn 0 1 0
vn 0 -0.47301513 -0.8810544
vn 0 -0.47301513 -0.8810544
vn 0 -0.47301513 -0.8810544
vn 0 -0.47301513 -0.8810544
vn 0 0.47301513 -0.8810544
vn 0 0.47301513 -0.8810544
vn 0 0.47301513 -0.8810544
vn 0 0.47301513 -0.8810544
vn 0.88105404 -0.47301546 0
vn 0.88105404 -0.47301546 0
vn 0.88105404 -0.47301546 0
vn 0.88105404 -0.47301546 0
vn 1 0 0
vn 1 0 0
vn 1 0 0
vn 1 0 0
vn 0 5.0355133e-08 1
vn 0 5.0355133e-08 1
vn 0 5.0355133e-08 1
vn 0 5.0355133e-08 1
vn 0 -5.0355133e-08 -1
vn 0 -5.0355133e-08 -1
vn 0 -5.0355133e-08 -1
vn 0 -5.0355133e-08 -1
vn -1 0 0
vn -1 0 0
vn -1 0 0
vn -1 0 0
vn -0.88105416 0.47301543 0
vn -0.88105416 0.47301543 0
vn -0.88105416 0.47301543 0
vn -0.88105416 0.47301543 0
vn 0 -0.47301692 0.88105345
vn 0 -0.47301692 0.88105345
vn 0 -0.47301692 0.88105345
vn 0 -0.47301692 0.88105345
vn -1 0 0
vn -1 0 0
vn -1 0 0
vn -1 0 0
vn 0 -2.4414067e-07 -1
vn 0 -2.4414067e-07 -1
vn 0 -2.4414067e-07 -1
vn 0 -2.4414067e-07 -1
vn 1 0 0
vn 1 0 0
vn 1 0 0
vn 1 0 0
vn 0 0 1
vn 0 0 1
vn 0 0 1
vn 0 0 1
vn -1 0 0
vn -1 0 0
vn -1 0 0
vn -1 0 0
vn 0 0 -1
vn 0 0 -1
vn 0 0 -1
vn 0 0 -1
vn 0 0 1
vn 0 0 1
vn 0 0 1
vn 0 0 1
vn 1 0 0
vn 1 0 0
vn 1 0 0
vn 1 0 0
vn 0 0.47301692 0.88105345
vn 0 0.47301692 0.88105345
vn 0 0.47301692 0.88105345
vn 0 0.47301692 0.88105345
vn -0.88105404 -0.47301546 0
vn -0.88105404 -0.47301546 0
vn -0.88105404 -0.47301546 0
vn -0.88105404 -0.47301546 0
vn 0.88105416 0.47301543 0
vn 0.88105416 0.47301543 0
vn 0.88105416 0.47301543 0
vn 0.88105416 0.47301543 0
vn 0 1 0
vn 0 1 0
vn 0 1 0
vn 0 1 0
vn 0 -1 0
vn 0 -1 0
vn 0 -1 0
vn 0 -1 0
vn -0.88105404 -0.47301546 0
vn -0.88105404 -0.47301546 0
vn -0.88105404 -0.47301546 0
vn -0.88105404 -0.47301546 0
vn -0.88105416 0.47301537 -2.8821856e-07
vn -0.88105416 0.47301537 -2.8821856e-07
vn -0.88105416 0.47301537 -2.8821856e-07
vn -0.88105416 0.47301537 -2.8821856e-07
vn 1.6672148e-07 -0.47301513 -0.8810544
vn 1.6672148e-07 -0.47301513 -0.8810544
vn 1.6672148e-07 -0.47301513 -0.8810544
vn 1.6672148e-07 -0.47301513 -0.8810544
vn 1.1015185e-07 3.3616061e-08 -1
vn 1.1015185e-07 3.3616061e-08 -1
vn 1.1015185e-07 3.3616061e-08 -1
vn 1.1015185e-07 3.3616061e-08 -1
vn 0.99999994 1.0899132e-07 0
vn 0.99999994 1.0899132e-07 0
vn 0.99999994 1.0899132e-07 0
vn 0.99999994 1.0899132e-07 0
vn -1 -8.1743501e-08 0
vn -1 -8.1743501e-08 0
vn -1 -8.1743501e-08 0
vn -1 -8.1743501e-08 0
vn -2.203037e-07 2.0948571e-08 1
vn -2.203037e-07 2.0948571e-08 1
vn -2.203037e-07 2.0948571e-08 1
vn -2.203037e-07 2.0948571e-08 1
vn -1.5752431e-07 0.4730159 0.88105386
vn -1.5752431e-07 0.4730159 0.88105386
vn -1.5752431e-07 0.4730159 0.88105386
vn -1.5752431e-07 0.4730159 0.88105386
vn 0.88105404 -0.47301555 0
vn 0.88105404 -0.47301555 0
vn 0.88105404 -0.47301555 0
vn 0.88105404 -0.47301555 0
vn -1.9073487e-07 -1.2209395e-07 1
vn -1.9073487e-07 -1.2209395e-07 1
vn -1.9073487e-07 -1.2209395e-07 1
vn -1.9073487e-07 -1.2209395e-07 1
vn -1 -1.525879e-07 0
vn -1 -1.525879e-07 0
vn -1 -1.525879e-07 0
vn -1 -1.525879e-07 0
vn 9.5367433e-08 0 -1
vn 9.5367433e-08 0 -1
vn 9.5367433e-08 0 -1
vn 9.5367433e-08 0 -1
vn 1 0 0
vn 1 0 0
vn 1 0 0
vn 1 0 0
vn -9.5367426e-08 -3.6623462e-07 1
vn -9.5367426e-08 -3.6623462e-07 1
vn -9.5367426e-08 -3.6623462e-07 1
vn -9.5367426e-08 -3.6623462e-07 1
vn -1 -1.525879e-07 0
vn -1 -1.525879e-07 0
vn -1 -1.525879e-07 0
vn -1 -1.525879e-07 0
vn 1 0 0
vn 1 0 0
vn 1 0 0
vn 1 0 0
vn 0 0 -1
vn 0 0 -1
vn 0 0 -1
vn 0 0 -1
vn 0.88105464 0.47301453 0
vn 0.88105464 0.47301453 0
vn 0.88105464 0.47301453 0
vn 0.88105464 0.47301453 0
vn -1.6672138e-07 -0.47301599 0.88105386
vn -1.6672138e-07 -0.47301599 0.88105386
vn -1.6672138e-07 -0.47301599 0.88105386
vn -1.6672138e-07 -0.47301599 0.88105386
vn 0 0.47301513 -0.88105422
vn 0 0.47301513 -0.88105422
vn 0 0.47301513 -0.88105422
vn 0 0.47301513 -0.88105422
vn 0 1 0
vn 0 1 0
vn 0 1 0
vn 0 1 0
vn 0 -1 0
vn 0 -1 0
vn 0 -1 0
vn 0 -1 0
vn -9.4666909e-08 -0.47301322 0.8810553
vn -9.4666909e-08 -0.47301322 0.8810553
vn -9.4666909e-08 -0.47301322 0.8810553
vn -9.4666909e-08 -0.47301322 0.8810553
vn -1.5752424e-07 0.47301683 0.88105339
vn -1.5752424e-07 0.47301683 0.88105339
vn -1.5752424e-07 0.47301683 0.88105339
vn -1.5752424e-07 0.47301683 0.88105339
vn -0.88105375 -0.47301599 -2.8821842e-07
vn -0.88105375 -0.47301599 -2.8821842e-07
vn -0.88105375 -0.47301599 -2.8821842e-07
vn -0.88105375 -0.47301599 -2.8821842e-07
vn -1 0 0
vn -1 0 0
vn -1 0 0
vn -1 0 0
vn 1.1015188e-07 1.5106544e-07 -1
vn 1.1015188e-07 1.5106544e-07 -1
vn 1.1015188e-07 1.5106544e-07 -1
vn 1.1015188e-07 1.5106544e-07 -1
vn -1.1015188e-07 -1.5106544e-07 1
vn -1.1015188e-07 -1.5106544e-07 1
vn -1.1015188e-07 -1.5106544e-07 1
vn -1.1015188e-07 -1.5106544e-07 1
vn 1 0 0
vn 1 0 0
vn 1 0 0
vn 1 0 0
vn 0.88105375 0.47301599 1.4410921e-07
vn 0.88105375 0.47301599 1.4410921e-07
vn 0.88105375 0.47301599 1.4410921e-07
vn 0.88105375 0.47301599 1.4410921e-07
vn 1.6672138e-07 -0.47301599 -0.88105386
vn 1.6672138e-07 -0.47301599 -0.88105386
vn 1.6672138e-07 -0.47301599 -0.88105386
vn 1.6672138e-07 -0.47301599 -0.88105386
vn 1 -5.8207664e-14 1.2207032e-07
vn 1 -5.8207664e-14 1.2207032e-07
vn 1 -5.8207664e-14 1.2207032e-07
vn 1 -5.8207664e-14 1.2207032e-07
vn -1.9073485e-07 0 1
vn -1.9073485e-07 0 1
vn -1.9073485e-07 0 1
vn -1.9073485e-07 0 1
vn -1 0 0
vn -1 0 0
vn -1 0 0
vn -1 0 0
vn 1.9073481e-07 0 -0.99999994
vn 1.9073481e-07 0 -0.99999994
vn 1.9073481e-07 0 -0.99999994
vn 1.9073481e-07 0 -0.99999994
vn 1 0 1.2207032e-07
vn 1 0 1.2207032e-07
vn 1 0 1.2207032e-07
vn 1 0 1.2207032e-07
vn -1.9073485e-07 0 1
vn -1.9073485e-07 0 1
vn -1.9073485e-07 0 1
vn -1.9073485e-07 0 1
vn 1.9073481e-07 7.3242165e-07 -0.99999994
vn 1.9073481e-07 7.3242165e-07 -0.99999994
vn 1.9073481e-07 7.3242165e-07 -0.99999994
vn 1.9073481e-07 7.3242165e-07 -0.99999994
vn -1 5.8207664e-14 0
vn -1 5.8207664e-14 0
vn -1 5.8207664e-14 0
vn -1 5.8207664e-14 0
vn 1.3415149e-08 0.47301421 -0.88105482
vn 1.3415149e-08 0.47301421 -0.88105482
vn 1.3415149e-08 0.47301421 -0.88105482
vn 1.3415149e-08 0.47301421 -0.88105482
vn 0.88105375 -0.47301599 1.4410921e-07
vn 0.88105375 -0.47301599 1.4410921e-07
vn 0.88105375 -0.47301599 1.4410921e-07
vn 0.88105375 -0.47301599 1.4410921e-07
vn -0.88105381 0.47301596 -2.8821844e-07
vn -0.88105381 0.47301596 -2.8821844e-07
vn -0.88105381 0.47301596 -2.8821844e-07
vn -0.88105381 0.47301596 -2.8821844e-07
vn -6.5439227e-09 1 0
vn -6.5439227e-09 1 0
vn -6.5439227e-09 1 0
vn -6.5439227e-09 1 0
vn -4.4690871e-08 -1 0
vn -4.4690871e-08 -1 0
vn -4.4690871e-08 -1 0
vn -4.4690871e-08 -1 0
vn 0.88105404 -0.47301546 0
vn 0.88105404 -0.47301546 0
vn 0.88105404 -0.47301546 0
vn 0.88105404 -0.47301546 0
vn 0.88105357 0.47301647 0
vn 0.88105357 0.47301647 0
vn 0.88105357 0.47301647 0
vn 0.88105357 0.47301647 0
vn 0 -0.47301599 0.88105375
vn 0 -0.47301599 0.88105375
vn 0 -0.47301599 0.88105375
vn 0 -0.47301599 0.88105375
vn 0 -4.1897131e-08 0.99999994
vn 0 -4.1897131e-08 0.99999994
vn 0 -4.1897131e-08 0.99999994
vn 0 -4.1897131e-08 0.99999994
vn -1 1.0899136e-07 0
vn -1 1.0899136e-07 0
vn -1 1.0899136e-07 0
vn -1 1.0899136e-07 0
vn 1 -1.0899134e-07 0
vn 1 -1.0899134e-07 0
vn 1 -1.0899134e-07 0
vn 1 -1.0899134e-07 0
vn 0 6.7094192e-08 -0.99999994
vn 0 6.7094192e-08 -0.99999994
vn 0 6.7094192e-08 -0.99999994
vn 0 6.7094192e-08 -0.99999994
vn 0 0.47301677 -0.88105345
vn 0 0.47301677 -0.88105345
vn 0 0.47301677 -0.88105345
vn 0 0.47301677 -0.88105345
vn -0.88105404 -0.47301546 0
vn -0.88105404 -0.47301546 0
vn -0.88105404 -0.47301546 0
vn -0.88105404 -0.47301546 0
vn 0 -6.1011526e-08 -1
vn 0 -6.1011526e-08 -1
vn 0 -6.1011526e-08 -1
vn 0 -6.1011526e-08 -1
vn 1 -3.051758e-07 0
vn 1 -3.051758e-07 0
vn 1 -3.051758e-07 0
vn 1 -3.051758e-07 0
vn 0 -4.8828127e-07 1
vn 0 -4.8828127e-07 1
vn 0 -4.8828127e-07 1
vn 0 -4.8828127e-07 1
vn -1 0 0
vn -1 0 0
vn -1 0 0
vn -1 0 0
vn 0 -6.1011477e-08 -1
vn 0 -6.1011477e-08 -1
vn 0 -6.1011477e-08 -1
vn 0 -6.1011477e-08 -1
vn 1 -3.051758e-07 0
vn 1 -3.051758e-07 0
vn 1 -3.051758e-07 0
vn 1 -3.051758e-07 0
vn -1 0 0
vn -1 0 0
vn -1 0 0
vn -1 0 0
vn 0 -2.4414067e-07 1
vn 0 -2.4414067e-07 1
vn 0 -2.4414067e-07 1
vn 0 -2.4414067e-07 1
vn -0.88105416 0.47301537 0
vn -0.88105416 0.47301537 0
vn -0.88105416 0.47301537 0
vn -0.88105416 0.47301537 0
vn 0 -0.47301513 -0.88105422
vn 0 -0.47301513 -0.88105422
vn 0 -0.47301513 -0.88105422
vn 0 -0.47301513 -0.88105422
vn 0 0.4730159 0.88105398
vn 0 0.4730159 0.88105398
vn 0 0.4730159 0.88105398
vn 0 0.4730159 0.88105398
vn 0 0.99999994 0
vn 0 0.99999994 0
vn 0 0.99999994 0
vn 0 0.99999994 0
vn 0 -1 0
vn 0 -1 0
vn 0 -1 0
vn 0 -1 0
vn 1 0 0
vn 1 0 0
vn 1 0 0
vn 0 3.9656641e-07 1
vn 0 1.0978921e-07 1
vn 0 -5.3836274e-08 1
vn -1 0 0
vn -1 0 0
vn -0.99999994 0 0
vn 0 -2.4781988e-07 -1
vn 0 4.5593677e-07 -1
vn 0 8.7074483e-08 -1
vn 1 0 0
vn 1 0 0
vn 1 0 0
vn 1 0 0
vn 1 0 0
vn 1 0 0
vn 1 0 0
vn 1 0 0
vn 1 0 0
vn 1 0 0
vn 1 0 0
vn 1 0 0
vn 1 0 0
vn 1 0 0
vn 1 0 0
vn 1 0 0
vn 1 0 0
vn 1 0 0
vn 1 0 0
vn 1 0 6.407204e-08
vn 1 0 0
vn 1 0 6.407204e-08
vn 1 0 2.4414301e-06
vn 1 0 2.5529218e-07
vn 1 0 2.5529218e-07
vn 1 0 0
vn 1 0 0
vn 1 0 0
vn 1 0 0
vn 1 0 0
vn 1 0 0
vn 1 0 0
vn 1 0 6.407204e-08
vn 1 0 2.5529218e-07
vn 1 0 0
vn 1 0 6.407204e-08
vn 0 -1.0494181e-06 0.99999994
vn 0 -2.9241859e-08 0.99999994
vn 0 -5.3836274e-08 1
vn 0 -2.9241859e-08 0.99999994
vn 0 0 1
vn 0 3.9656641e-07 1
vn 0 -5.3836274e-08 1
vn 0 -2.9241859e-08 0.99999994
vn 0 3.9656641e-07 1
vn 0 3.9656641e-07 1
vn 0 1.9030388e-07 1
vn 0 1.0978921e-07 1
vn 0 1.9030388e-07 1
vn 0 0 1
vn 0 4.9330062e-08 1
vn 0 4.9330062e-08 1
vn 0 3.8553961e-07 1
vn 0 2.2302299e-07 1
vn 0 3.8553961e-07 1
vn 0 0 1
vn 0 2.2302299e-07 1
vn 0 2.2302299e-07 1
vn 0 1.0978921e-07 1
vn 0 1.9030388e-07 1
vn 0 4.9330062e-08 1
vn 0 2.2302299e-07 1
vn 0 1.9030388e-07 1
vn 0 1.0978921e-07 1
vn 0 1.6276227e-06 1
vn 0 -5.3836274e-08 1
vn 0 -5.3836274e-08 1
vn 0 0 1
vn 0 -1.0494181e-06 0.99999994
vn 0 0 1
vn 0 0 1
vn 0 -1.0494181e-06 0.99999994
vn -0.99999994 0 -1.579908e-10
vn -1 0 -1.3200156e-11
vn -1 0 -1.3241629e-11
vn -1 0 -1.3200156e-11
vn -0.99999994 0 0
vn -1 0 -1.3241629e-11
vn -0.99999994 0 0
vn -1 0 0
vn -1 0 0
vn -1 0 0
vn -1 0 6.4834474e-08
vn -1 0 0
vn -1 0 6.4834474e-08
vn -1 0 2.441436e-06
vn -1 0 2.5668555e-07
vn -1 0 0
vn -1 0 6.4834474e-08
vn -1 0 2.5668555e-07
vn -1 0 2.5668555e-07
vn -0.99999994 0 0
vn -1 0 0
vn -0.99999994 0 0
vn -1 0 0
vn -1 0 0
vn -1 0 0
vn -1 0 0
vn -1 0 0
vn -1 0 0
vn -0.99999994 0 0
vn -1 0 0
vn -1 0 0
vn -1 0 -1.3241629e-11
vn -0.99999994 0 0
vn -1 0 0
vn -0.99999994 0 0
vn -1 0 0
vn 0 -2.4414135e-06 -1
vn 0 2.0321534e-06 -0.99999994
vn 0 -1.1160997e-06 -1
vn 0 2.0321534e-06 -0.99999994
vn 0 8.7074483e-08 -1
vn 0 -1.1160997e-06 -1
vn 0 8.7074483e-08 -1
vn 0 0 -1
vn 0 -9.3649135e-08 -1
vn 0 -9.3649135e-08 -1
vn 0 -1.3217502e-07 -1
vn 0 -3.5887501e-07 -1
vn 0 -1.3217502e-07 -1
vn 0 0 -1
vn 0 -2.1286846e-07 -1
vn 0 -3.5887501e-07 -1
vn 0 -1.3217502e-07 -1
vn 0 -2.1286846e-07 -1
vn 0 -2.1286846e-07 -1
vn 0 -2.6773608e-07 -0.99999994
vn 0 -3.5887501e-07 -1
vn 0 -2.6773608e-07 -0.99999994
vn 0 0 -1
vn 0 -3.5887501e-07 -1
vn 0 -3.5887501e-07 -1
vn 0 -2.4781988e-07 -1
vn 0 -9.3649135e-08 -1
vn 0 -2.4781988e-07 -1
vn 0 0 -1
vn 0 4.5593677e-07 -1
vn 0 4.5593677e-07 -1
vn 0 -1.1160997e-06 -1
vn 0 8.7074483e-08 -1
vn 0 -2.4781988e-07 -1
vn 0 8.7074483e-08 -1
vn 0 -9.3649135e-08 -1
usemtl stonetrims
f 3/661/1 13/366/2 213/129/3
f 3/661/1 213/129/3 202/688/4
usemtl brickwall1
f 57/476/5 59/283/6 194/618/7
f 57/476/5 194/618/7 198/644/8
f 59/283/9 61/690/10 189/255/11
f 59/283/9 189/255/11 194/618/12
f 61/690/13 63/354/14 196/588/15
f 61/690/13 196/588/15 189/255/16
f 63/354/17 65/667/18 188/42/19
f 63/354/17 188/42/19 196/588/20
f 65/667/21 192/399/22 188/42/23
f 54/353/24 90/638/25 219/702/26
f 54/353/24 219/702/26 222/299/27
f 60/540/28 225/183/29 233/355/30
f 60/540/28 233/355/30 62/574/31
f 62/574/32 233/355/33 232/475/34
f 62/574/32 232/475/34 64/645/35
f 64/645/36 232/475/37 234/451/38
f 64/645/36 234/451/38 66/327/39
f 66/327/40 234/451/41 67/335/42
usemtl stonetrims
f 47/298/43 51/224/44 223/544/45
f 47/298/43 223/544/45 217/254/46
f 22/214/47 26/19/48 195/487/49
f 22/214/47 195/487/49 185/511/50
usemtl brickwall1
f 91/396/51 203/45/52 205/151/53
f 91/396/51 205/151/53 93/43/54
f 93/43/55 205/151/56 212/646/57
f 93/43/55 212/646/57 95/367/58
f 95/367/59 212/646/60 204/606/61
f 95/367/59 204/606/61 97/533/62
f 97/533/63 204/606/64 211/609/65
f 97/533/63 211/609/65 99/83/66
f 99/83/67 211/609/68 209/561/69
f 56/242/70 57/476/71 198/644/72
f 56/242/70 198/644/72 185/547/73
f 92/636/74 94/288/75 216/259/76
f 92/636/74 216/259/76 221/195/77
f 94/288/78 96/322/79 214/295/80
f 94/288/78 214/295/80 216/259/81
f 96/322/82 98/97/83 215/293/84
f 96/322/82 215/293/84 214/295/85
f 98/97/86 100/227/87 215/293/88
f 90/638/89 92/636/90 221/195/91
f 90/638/89 221/195/91 219/702/92
usemtl stonetrims
f 25/663/93 16/307/94 197/431/95
f 25/663/93 197/431/95 187/660/96
f 17/179/97 21/467/98 190/127/99
f 17/179/97 190/127/99 193/591/100
f 16/307/101 20/701/102 186/339/103
f 16/307/101 186/339/103 197/431/104
f 21/467/105 25/663/106 187/660/107
f 21/467/105 187/660/107 190/127/108
usemtl brickwall1
f 58/364/109 229/119/110 225/183/111
f 58/364/109 225/183/111 60/540/112
usemtl stonetrims
f 6/371/113 2/373/114 200/25/115
f 6/371/113 200/25/115 207/143/116
f 11/653/117 7/276/118 210/284/119
f 11/653/117 210/284/119 201/123/120
f 52/494/121 47/298/122 217/254/123
f 52/494/121 217/254/123 222/410/124
f 10/394/125 6/371/126 207/143/127
f 10/394/125 207/143/127 199/579/128
f 2/373/129 11/653/130 201/123/131
f 2/373/129 201/123/131 200/25/132
f 7/276/133 3/661/134 202/688/135
f 7/276/133 202/688/135 210/284/136
f 50/263/137 42/398/138 78/308/139
f 50/263/137 78/308/139 220/556/140
f 43/589/141 46/311/142 224/594/143
f 43/589/141 224/594/143 218/98/144
f 26/19/145 17/179/146 193/591/147
f 26/19/145 193/591/147 195/487/148
f 46/311/149 50/263/150 220/556/151
f 46/311/149 220/556/151 224/594/152
f 51/224/153 43/589/154 218/98/155
f 51/224/153 218/98/155 223/544/156
usemtl brickwall1
f 53/691/157 213/68/158 203/45/159
f 53/691/157 203/45/159 91/396/160
usemtl stonetrims
f 29/465/161 38/372/162 230/176/163
f 29/465/161 230/176/163 79/535/164
f 34/18/165 30/113/166 228/30/167
f 34/18/165 228/30/167 235/302/168
f 39/562/169 35/121/170 226/357/171
f 39/562/169 226/357/171 231/140/172
usemtl brickwall1
f 55/184/173 227/315/174 229/119/175
f 55/184/173 229/119/175 58/364/176
usemtl stonetrims
f 38/372/177 34/18/178 235/302/179
f 38/372/177 235/302/179 230/176/180
f 30/113/181 39/562/182 231/140/183
f 30/113/181 231/140/183 228/30/184
f 35/121/185 32/282/186 227/607/187
f 35/121/185 227/607/187 226/357/188
f 72/10/189 70/580/190 138/365/191
f 72/10/189 138/365/191 136/572/192
f 53/12/193 91/96/194 152/524/195
f 53/12/193 152/524/195 108/681/196
f 71/532/197 73/641/198 137/383/199
f 71/532/197 137/383/199 139/205/200
f 57/683/201 56/534/202 107/347/203
f 57/683/201 107/347/203 118/674/204
f 55/546/205 58/344/206 119/381/207
f 55/546/205 119/381/207 109/457/208
f 59/570/209 57/683/210 118/674/211
f 59/570/209 118/674/211 116/232/212
f 74/634/213 72/10/214 136/572/215
f 74/634/213 136/572/215 134/639/216
f 92/201/217 90/135/218 151/655/219
f 92/201/217 151/655/219 149/512/220
f 58/344/221 60/403/222 117/635/223
f 58/344/221 117/635/223 119/381/224
f 73/641/225 75/15/226 135/523/227
f 73/641/225 135/523/227 137/383/228
f 91/96/229 93/105/230 150/304/231
f 91/96/229 150/304/231 152/524/232
f 61/204/233 59/570/234 116/232/235
f 61/204/233 116/232/235 114/94/236
f 76/583/237 74/634/238 134/639/239
f 76/583/237 134/639/239 131/600/240
f 94/449/241 92/201/242 149/512/243
f 94/449/241 149/512/243 147/189/244
f 60/403/245 62/86/246 115/545/247
f 60/403/245 115/545/247 117/635/248
f 75/15/249 77/492/250 132/3/251
f 75/15/249 132/3/251 135/523/252
f 93/105/253 95/397/254 148/50/255
f 93/105/253 148/50/255 150/304/256
f 63/197/257 61/204/258 114/94/259
f 63/197/257 114/94/259 112/99/260
f 79/700/261 76/583/262 131/600/263
f 79/700/261 131/600/263 104/671/264
f 96/392/265 94/449/266 147/189/267
f 96/392/265 147/189/267 145/666/268
f 62/86/269 64/557/270 113/497/271
f 62/86/269 113/497/271 115/545/272
f 95/397/273 97/424/274 146/481/275
f 95/397/273 146/481/275 148/50/276
f 77/492/277 78/22/278 133/246/279
f 77/492/277 133/246/279 132/3/280
f 111/472/281 101/474/282 102/466/283
f 111/472/281 102/466/283 110/71/284
f 113/497/285 111/472/286 110/71/287
f 113/497/285 110/71/287 112/99/288
f 115/545/289 113/497/290 112/99/291
f 115/545/289 112/99/291 114/94/292
f 117/635/293 115/545/294 114/94/295
f 117/635/293 114/94/295 116/232/296
f 119/381/297 117/635/298 116/232/299
f 119/381/297 116/232/299 118/674/300
f 103/569/301 121/169/302 122/239/303
f 103/569/301 122/239/303 120/521/304
f 121/169/305 123/172/306 124/603/307
f 121/169/305 124/603/307 122/239/308
f 123/172/309 125/16/310 126/447/311
f 123/172/309 126/447/311 124/603/312
f 125/16/313 127/427/314 128/625/315
f 125/16/313 128/625/315 126/447/316
f 127/427/317 129/640/318 130/495/319
f 127/427/317 130/495/319 128/625/320
f 132/3/321 133/246/322 104/671/323
f 132/3/321 104/671/323 131/600/324
f 135/523/325 132/3/326 131/600/327
f 135/523/325 131/600/327 134/639/328
f 137/383/329 135/523/330 134/639/331
f 137/383/329 134/639/331 136/572/332
f 139/205/333 137/383/334 136/572/335
f 139/205/333 136/572/335 138/365/336
f 141/379/337 139/205/338 138/365/339
f 141/379/337 138/365/339 140/8/340
f 129/640/341 108/377/342 107/568/343
f 129/640/341 107/568/343 130/495/344
f 106/696/345 141/379/346 140/8/347
f 106/696/345 140/8/347 109/73/348
f 143/225/349 144/221/350 105/590/351
f 143/225/349 105/590/351 142/419/352
f 146/481/353 143/225/354 142/419/355
f 146/481/353 142/419/355 145/666/356
f 148/50/357 146/481/358 145/666/359
f 148/50/357 145/666/359 147/189/360
f 150/304/361 148/50/362 147/189/363
f 150/304/361 147/189/363 149/512/364
f 152/524/365 150/304/366 149/512/367
f 152/524/365 149/512/367 151/655/368
f 109/457/369 119/381/370 118/674/371
f 109/457/369 118/674/371 107/347/372
f 108/681/373 152/524/374 151/655/375
f 108/681/373 151/655/375 106/285/376
f 90/135/377 54/409/378 106/285/379
f 90/135/377 106/285/379 151/655/380
f 89/118/381 186/154/382 120/521/383
f 89/118/381 120/521/383 122/239/384
f 69/564/385 71/532/386 139/205/387
f 69/564/385 139/205/387 141/379/388
f 88/434/389 86/505/390 123/172/391
f 88/434/389 123/172/391 121/169/392
f 70/580/393 68/420/394 140/8/395
f 70/580/393 140/8/395 138/365/396
f 80/554/397 53/623/398 108/377/399
f 80/554/397 108/377/399 129/640/400
f 87/664/401 89/118/402 122/239/403
f 87/664/401 122/239/403 124/603/404
f 56/249/405 81/72/406 130/495/407
f 56/249/405 130/495/407 107/568/408
f 86/505/409 84/279/410 125/16/411
f 86/505/409 125/16/411 123/172/412
f 54/74/413 69/564/414 141/379/415
f 54/74/413 141/379/415 106/696/416
f 68/420/417 55/165/418 109/73/419
f 68/420/417 109/73/419 140/8/420
f 85/542/421 87/664/422 124/603/423
f 85/542/421 124/603/423 126/447/424
f 84/279/425 82/414/426 127/427/427
f 84/279/425 127/427/427 125/16/428
f 99/92/429 209/525/430 144/221/431
f 99/92/429 144/221/431 143/225/432
f 66/28/433 67/439/434 101/474/435
f 66/28/433 101/474/435 111/472/436
f 83/464/437 85/542/438 126/447/439
f 83/464/437 126/447/439 128/625/440
f 100/80/441 98/190/442 142/419/443
f 100/80/441 142/419/443 105/590/444
f 82/414/445 80/554/446 129/640/447
f 82/414/445 129/640/447 127/427/448
f 97/424/449 99/92/450 143/225/451
f 97/424/449 143/225/451 146/481/452
f 81/72/453 83/464/454 128/625/455
f 81/72/453 128/625/455 130/495/456
f 64/557/457 66/28/458 111/472/459
f 64/557/457 111/472/459 113/497/460
f 98/190/461 96/392/462 145/666/463
f 98/190/461 145/666/463 142/419/464
f 65/144/465 63/197/466 112/99/467
f 65/144/465 112/99/467 110/71/468
f 108/93/469 106/406/470 156/585/471
f 108/93/469 156/585/471 154/350/472
f 109/637/473 107/49/474 153/586/475
f 109/637/473 153/586/475 158/483/476
f 106/141/477 109/584/478 158/616/479
f 106/141/477 158/616/479 156/662/480
f 155/558/481 159/595/482 153/220/483
f 154/573/484 163/685/485 161/621/486
f 154/573/484 161/621/486 155/558/487
f 156/342/488 160/112/489 157/622/490
f 158/687/491 159/595/492 160/112/493
f 157/622/494 160/112/495 162/407/496
f 157/622/494 162/407/496 161/621/497
f 158/483/498 153/586/499 159/252/500
f 153/527/501 154/356/502 155/428/503
f 154/350/504 156/585/505 157/152/506
f 154/350/504 157/152/506 163/326/507
f 156/662/508 158/616/509 160/559/510
f 155/558/511 162/407/512 159/595/513
usemtl brickwall1
f 161/273/514 163/498/515 157/280/516
usemtl stonetrims
f 159/595/517 162/407/518 160/112/519
f 161/621/520 162/407/521 155/558/522
f 14/652/523 192/59/524 173/566/525
f 14/652/523 173/566/525 166/650/526
f 79/700/527 104/671/528 180/330/529
f 79/700/527 180/330/529 175/694/530
f 67/608/531 36/592/532 169/503/533
f 67/608/531 169/503/533 172/504/534
f 29/465/535 79/535/536 175/2/537
f 29/465/535 175/2/537 168/385/538
f 120/521/539 186/154/540 191/4/541
f 120/521/539 191/4/541 182/265/542
f 78/308/543 42/398/544 170/429/545
f 78/308/543 170/429/545 174/217/546
f 105/590/547 144/221/548 184/413/549
f 105/590/547 184/413/549 181/26/550
f 101/474/551 67/439/552 172/657/553
f 101/474/551 172/657/553 177/164/554
f 133/246/555 78/22/556 174/64/557
f 133/246/555 174/64/557 183/329/558
f 48/430/559 100/320/560 176/633/561
f 48/430/559 176/633/561 171/631/562
f 103/569/563 120/521/564 182/265/565
f 103/569/563 182/265/565 179/38/566
f 144/221/567 209/525/568 206/629/569
f 144/221/567 206/629/569 184/413/570
f 209/211/571 4/48/572 164/281/573
f 209/211/571 164/281/573 206/469/574
f 104/671/575 133/246/576 183/329/577
f 104/671/575 183/329/577 180/330/578
f 186/339/579 20/701/580 167/55/581
f 186/339/579 167/55/581 191/630/582
f 102/466/583 101/474/584 177/164/585
f 102/466/583 177/164/585 178/88/586
f 10/394/587 199/579/588 208/149/589
f 10/394/587 208/149/589 165/170/590
f 100/80/591 105/590/592 181/26/593
f 100/80/591 181/26/593 176/300/594
f 107/87/595 108/506/596 154/356/597
f 107/87/595 154/356/597 153/527/598
f 198/11/599 194/256/600 18/219/601
f 198/11/599 18/219/601 15/243/602
f 189/9/603 196/84/604 23/131/605
f 189/9/603 23/131/605 19/404/606
f 188/699/607 192/59/608 14/652/609
f 188/699/607 14/652/609 24/380/610
f 192/67/611 65/144/612 110/71/613
f 192/67/611 110/71/613 102/466/614
usemtl brickwall1
f 193/47/615 190/142/616 85/103/617
f 193/47/615 85/103/617 83/463/618
f 190/142/619 187/173/620 87/77/621
f 190/142/619 87/77/621 85/103/622
usemtl stonetrims
f 173/693/623 192/67/624 102/466/625
f 173/693/623 102/466/625 178/88/626
f 194/256/627 189/9/628 19/404/629
f 194/256/627 19/404/629 18/219/630
f 196/84/631 188/699/632 24/380/633
f 196/84/631 24/380/633 23/131/634
usemtl brickwall1
f 195/496/635 193/47/636 83/463/637
f 195/496/635 83/463/637 81/461/638
f 185/547/639 195/496/640 81/461/641
f 185/547/639 81/461/641 56/242/642
usemtl stonetrims
f 185/511/643 198/11/644 15/243/645
f 185/511/643 15/243/645 22/214/646
usemtl brickwall1
f 187/173/647 197/1/648 89/114/649
f 187/173/647 89/114/649 87/77/650
f 197/1/651 186/567/652 89/114/653
f 201/408/654 210/375/655 82/458/656
f 201/408/654 82/458/656 84/39/657
f 199/649/658 207/79/659 88/250/660
f 210/375/661 202/137/662 80/484/663
f 210/375/661 80/484/663 82/458/664
usemtl stonetrims
f 203/203/665 213/129/666 13/366/667
f 203/203/665 13/366/667 5/122/668
f 205/89/669 203/203/670 5/122/671
f 205/89/669 5/122/671 8/444/672
f 204/477/673 212/157/674 9/452/675
f 204/477/673 9/452/675 12/75/676
f 209/211/677 211/460/678 1/27/679
f 209/211/677 1/27/679 4/48/680
f 199/441/681 88/434/682 121/169/683
f 199/441/681 121/169/683 103/569/684
usemtl brickwall1
f 207/79/685 200/672/686 86/168/687
f 207/79/685 86/168/687 88/250/688
f 200/672/689 201/408/690 84/39/691
f 200/672/689 84/39/691 86/168/692
f 202/137/693 213/68/694 53/691/695
f 202/137/693 53/691/695 80/484/696
usemtl stonetrims
f 212/157/697 205/89/698 8/444/699
f 212/157/697 8/444/699 9/452/700
f 211/460/701 204/477/702 12/75/703
f 211/460/701 12/75/703 1/27/704
f 208/338/705 199/441/706 103/569/707
f 208/338/705 103/569/707 179/38/708
usemtl brickwall1
f 218/435/709 224/185/710 75/563/711
f 218/435/709 75/563/711 73/188/712
f 224/185/713 220/166/714 77/120/715
f 224/185/713 77/120/715 75/563/716
f 217/499/717 223/58/718 71/69/719
f 217/499/717 71/69/719 69/368/720
usemtl stonetrims
f 221/549/721 216/395/722 41/328/723
f 221/549/721 41/328/723 40/400/724
f 214/247/725 215/41/726 45/139/727
f 214/247/725 45/139/727 44/500/728
f 219/478/729 221/549/730 40/400/731
f 219/478/729 40/400/731 49/17/732
usemtl brickwall1
f 222/299/733 217/499/734 69/368/735
f 222/299/733 69/368/735 54/353/736
f 220/166/737 78/319/738 77/120/739
f 223/58/740 218/435/741 73/188/742
f 223/58/740 73/188/742 71/69/743
usemtl stonetrims
f 222/410/744 219/478/745 49/17/746
f 222/410/744 49/17/746 52/494/747
f 216/395/748 214/247/749 44/500/750
f 216/395/748 44/500/750 41/328/751
f 215/41/752 100/320/753 48/430/754
f 215/41/752 48/430/754 45/139/755
usemtl brickwall1
f 235/324/756 228/100/757 72/70/758
f 235/324/756 72/70/758 74/76/759
usemtl stonetrims
f 233/369/760 225/479/761 27/65/762
f 233/369/760 27/65/762 28/560/763
f 234/587/764 232/160/765 31/628/766
f 234/587/764 31/628/766 33/668/767
f 229/656/768 227/607/769 32/282/770
f 229/656/768 32/282/770 37/450/771
usemtl brickwall1
f 228/100/772 231/171/773 70/345/774
f 228/100/772 70/345/774 72/70/775
f 79/52/776 230/596/777 76/126/778
f 231/171/779 226/5/780 68/378/781
f 231/171/779 68/378/781 70/345/782
f 230/596/783 235/324/784 74/76/785
f 230/596/783 74/76/785 76/126/786
f 226/5/787 227/315/788 55/184/789
f 226/5/787 55/184/789 68/378/790
usemtl stonetrims
f 232/160/791 233/369/792 28/560/793
f 232/160/791 28/560/793 31/628/794
f 67/608/795 234/587/796 33/668/797
f 67/608/795 33/668/797 36/592/798
f 225/479/799 229/656/800 37/450/801
f 225/479/799 37/450/801 27/65/802
usemtl brickwall1
f 236/257/803 238/53/804 239/515/805
f 236/257/803 239/515/805 237/199/806
f 242/81/807 240/287/808 241/459/809
f 242/81/807 241/459/809 243/44/810
usemtl stonefloor
f 238/147/811 236/257/812 240/425/813
f 238/147/811 240/425/813 242/109/814
usemtl stonetrims
f 246/388/815 245/624/816 264/306/817
f 246/388/815 264/306/817 265/115/818
f 248/698/819 249/231/820 260/340/821
f 248/698/819 260/340/821 257/202/822
f 247/145/823 246/388/824 265/115/825
f 247/145/823 265/115/825 266/310/826
usemtl brickwall1
f 249/643/827 246/689/828 247/384/829
f 249/643/827 247/384/829 250/296/830
f 250/677/831 247/442/832 244/501/833
f 250/677/831 244/501/833 251/213/834
f 248/493/835 245/411/836 246/518/837
f 248/493/835 246/518/837 249/593/838
f 251/155/839 244/617/840 245/486/841
f 251/155/839 245/486/841 248/576/842
usemtl stonetrims
f 251/362/843 248/698/844 257/202/845
f 251/362/843 257/202/845 267/529/846
f 244/488/847 247/145/848 266/310/849
f 244/488/847 266/310/849 254/651/850
f 254/387/851 255/333/852 256/678/853
f 254/387/851 256/678/853 264/658/854
f 264/658/855 256/678/856 259/510/857
f 264/658/855 259/510/857 265/626/858
f 265/626/859 259/510/860 262/206/861
f 265/626/859 262/206/861 266/198/862
f 266/198/863 262/206/864 255/289/865
f 266/198/863 255/289/865 254/261/866
f 253/684/867 267/275/868 257/632/869
f 253/684/867 257/632/869 252/331/870
f 252/331/871 257/632/872 260/210/873
f 252/331/871 260/210/873 258/278/874
f 261/597/875 263/519/876 267/581/877
f 261/597/875 267/581/877 253/272/878
f 258/278/879 260/210/880 263/519/881
f 258/278/879 263/519/881 261/597/882
f 250/13/883 251/675/884 267/46/885
f 250/13/883 267/46/885 263/553/886
f 245/624/887 244/507/888 254/470/889
f 245/624/887 254/470/889 264/306/890
f 249/231/891 250/13/892 263/553/893
f 249/231/891 263/553/893 260/340/894
f 255/333/895 262/601/896 259/679/897
f 255/333/895 259/679/897 256/57/898
f 252/360/899 258/614/900 261/615/901
f 252/360/899 261/615/901 253/20/902
f 270/316/903 269/550/904 288/226/905
f 270/316/903 288/226/905 289/29/906
f 272/376/907 273/153/908 284/270/909
f 272/376/907 284/270/909 281/125/910
f 271/51/911 270/316/912 289/29/913
f 271/51/911 289/29/913 290/234/914
usemtl brickwall1
f 273/565/915 270/619/916 271/312/917
f 273/565/915 271/312/917 274/216/918
f 274/604/919 271/348/920 268/401/921
f 274/604/919 268/401/921 275/134/922
f 272/393/923 269/332/924 270/421/925
f 272/393/923 270/421/925 273/277/926
f 275/62/927 268/537/928 269/386/929
f 275/62/927 269/386/929 272/266/930
usemtl stonetrims
f 275/292/931 272/376/932 281/125/933
f 275/292/931 281/125/933 291/436/934
f 268/389/935 271/51/936 290/234/937
f 268/389/935 290/234/937 278/571/938
f 278/314/939 279/262/940 280/610/941
f 278/314/939 280/610/941 288/577/942
f 288/577/943 280/610/944 283/412/945
f 288/577/943 283/412/945 289/551/946
f 289/551/947 283/412/948 286/128/949
f 289/551/947 286/128/949 290/116/950
f 290/116/951 286/128/952 279/207/953
f 290/116/951 279/207/953 278/177/954
f 277/613/955 291/191/956 281/555/957
f 277/613/955 281/555/957 276/258/958
f 276/258/959 281/555/960 284/133/961
f 276/258/959 284/133/961 282/193/962
f 285/513/963 287/422/964 291/269/965
f 285/513/963 291/269/965 277/186/966
f 282/193/967 284/133/968 287/422/969
f 282/193/967 287/422/969 285/513/970
f 274/647/971 275/598/972 291/462/973
f 274/647/971 291/462/973 287/229/974
f 269/550/975 268/194/976 278/627/977
f 269/550/975 278/627/977 288/226/978
f 273/153/979 274/647/980 287/229/981
f 273/153/979 287/229/981 284/270/982
f 279/262/983 286/520/984 283/611/985
f 279/262/983 283/611/985 280/692/986
f 276/290/987 282/531/988 285/536/989
f 276/290/987 285/536/989 277/659/990
f 294/240/991 293/455/992 312/148/993
f 294/240/991 312/148/993 313/443/994
f 296/305/995 297/61/996 308/182/997
f 296/305/995 308/182/997 305/34/998
f 295/686/999 294/240/1000 313/443/1001
f 295/686/999 313/443/1001 314/159/1002
usemtl brickwall1
f 297/471/1003 294/297/1004 295/235/1005
f 297/471/1003 295/235/1005 298/138/1006
f 298/522/1007 295/274/1008 292/325/1009
f 298/522/1007 292/325/1009 299/548/1010
f 296/318/1011 293/260/1012 294/336/1013
f 296/318/1011 294/336/1013 297/192/1014
f 299/697/1015 292/445/1016 293/313/1017
f 299/697/1015 293/313/1017 296/180/1018
usemtl stonetrims
f 299/215/1019 296/305/1020 305/34/1021
f 299/215/1019 305/34/1021 315/341/1022
f 292/317/1023 295/686/1024 314/159/1025
f 292/317/1023 314/159/1025 302/482/1026
f 302/237/1027 303/178/1028 304/526/1029
f 302/237/1027 304/526/1029 312/489/1030
f 312/489/1031 304/526/1032 307/117/1033
f 312/489/1031 307/117/1033 313/456/1034
f 313/456/1035 307/117/1036 310/35/1037
f 313/456/1035 310/35/1037 314/538/1038
f 314/538/1039 310/35/1040 303/130/1041
f 314/538/1039 303/130/1041 302/90/1042
f 301/530/1043 315/106/1044 305/233/1045
f 301/530/1043 305/233/1045 300/174/1046
f 300/174/1047 305/233/1048 308/37/1049
f 300/174/1047 308/37/1049 306/108/1050
f 309/416/1051 311/337/1052 315/181/1053
f 309/416/1051 315/181/1053 301/599/1054
f 306/108/1055 308/37/1056 311/337/1057
f 306/108/1055 311/337/1057 309/416/1058
f 298/323/1059 299/514/1060 315/361/1061
f 298/323/1059 315/361/1061 311/150/1062
f 293/455/1063 292/111/1064 302/552/1065
f 293/455/1063 302/552/1065 312/148/1066
f 297/61/1067 298/323/1068 311/150/1069
f 297/61/1067 311/150/1069 308/182/1070
f 303/178/1071 310/423/1072 307/528/1073
f 303/178/1071 307/528/1073 304/620/1074
f 300/208/1075 306/438/1076 309/440/1077
f 300/208/1075 309/440/1077 301/578/1078
f 318/167/1079 317/358/1080 336/56/1081
f 318/167/1079 336/56/1081 337/349/1082
f 320/223/1083 321/695/1084 332/102/1085
f 320/223/1083 332/102/1085 329/669/1086
f 319/363/1087 318/167/1088 337/349/1089
f 319/363/1087 337/349/1089 338/63/1090
usemtl brickwall1
f 321/370/1091 318/218/1092 319/161/1093
f 321/370/1091 319/161/1093 322/40/1094
f 322/426/1095 319/187/1096 316/253/1097
f 322/426/1095 316/253/1097 323/453/1098
f 320/244/1099 317/665/1100 318/267/1101
f 320/244/1099 318/267/1101 321/107/1102
f 323/374/1103 316/351/1104 317/236/1105
f 323/374/1103 317/236/1105 320/95/1106
usemtl stonetrims
f 323/136/1107 320/223/1108 329/669/1109
f 323/136/1107 329/669/1109 339/271/1110
f 316/241/1111 319/363/1112 338/63/1113
f 316/241/1111 338/63/1113 326/382/1114
f 326/163/1115 327/91/1116 328/432/1117
f 326/163/1115 328/432/1117 336/390/1118
f 336/390/1119 328/432/1120 331/31/1121
f 336/390/1119 331/31/1121 337/359/1122
f 337/359/1123 331/31/1124 334/670/1125
f 337/359/1123 334/670/1125 338/446/1126
f 338/446/1127 334/670/1128 327/36/1129
f 338/446/1127 327/36/1129 326/14/1130
f 325/437/1131 339/21/1132 329/158/1133
f 325/437/1131 329/158/1133 324/85/1134
f 324/85/1135 329/158/1136 332/673/1137
f 324/85/1135 332/673/1137 330/23/1138
f 333/334/1139 335/268/1140 339/101/1141
f 333/334/1139 339/101/1141 325/516/1142
f 330/23/1143 332/673/1144 335/268/1145
f 330/23/1143 335/268/1145 333/334/1146
f 322/251/1147 323/200/1148 339/291/1149
f 322/251/1147 339/291/1149 335/60/1150
f 317/358/1151 316/24/1152 326/228/1153
f 317/358/1151 326/228/1153 336/56/1154
f 321/695/1155 322/251/1156 335/60/1157
f 321/695/1155 335/60/1157 332/102/1158
f 327/91/1159 334/124/1160 331/433/1161
f 327/91/1159 331/433/1161 328/541/1162
f 324/132/1163 330/343/1164 333/346/1165
f 324/132/1163 333/346/1165 325/490/1166
usemtl brickwall1
f 31/352/1167 39/230/1168 34/33/1169
f 23/301/1170 25/612/1171 17/517/1172
f 12/7/1173 8/248/1174 7/222/1175
f 46/391/1176 51/238/1177 40/485/1178
f 28/418/1179 27/602/1180 31/352/1181
f 27/602/1182 37/156/1183 39/230/1184
f 31/352/1185 27/602/1186 39/230/1187
f 37/156/1188 32/212/1189 35/402/1190
f 35/402/1191 39/230/1192 37/156/1193
f 39/230/1194 30/642/1195 34/33/1196
f 34/33/1197 38/54/1198 31/352/1199
f 38/54/1200 29/286/1201 168/480/1202
f 168/480/1203 169/6/1204 33/502/1205
f 169/6/1206 36/104/1207 33/502/1208
f 33/502/1209 31/352/1210 38/54/1211
f 168/480/1212 33/502/1213 38/54/1214
f 15/245/1215 18/582/1216 17/517/1217
f 18/582/1218 19/209/1219 23/301/1220
f 17/517/1221 18/582/1222 23/301/1223
f 23/301/1224 24/303/1225 25/612/1226
f 24/303/1227 14/66/1228 166/680/1229
f 166/680/1230 167/648/1231 16/508/1232
f 167/648/1233 20/491/1234 16/508/1235
f 16/508/1236 25/612/1237 24/303/1238
f 166/680/1239 16/508/1240 24/303/1241
f 25/612/1242 21/196/1243 17/517/1244
f 17/517/1245 26/654/1246 15/245/1247
f 26/654/1248 22/509/1249 15/245/1250
f 13/448/1251 3/417/1252 5/264/1253
f 3/417/1254 7/222/1255 5/264/1256
f 7/222/1257 11/146/1258 2/473/1259
f 2/473/1260 6/162/1261 1/82/1262
f 6/162/1263 10/543/1264 165/682/1265
f 1/82/1266 6/162/1267 165/682/1268
f 165/682/1269 164/454/1270 1/82/1271
f 164/454/1272 4/415/1273 1/82/1274
f 1/82/1275 12/7/1276 2/473/1277
f 12/7/1278 9/309/1279 8/248/1280
f 8/248/1281 5/264/1282 7/222/1283
f 12/7/1284 7/222/1285 2/473/1286
f 52/110/1287 49/175/1288 47/676/1289
f 49/175/1290 40/485/1291 47/676/1292
f 40/485/1293 41/78/1294 44/321/1295
f 44/321/1296 45/294/1297 50/468/1298
f 45/294/1299 48/575/1300 171/405/1301
f 50/468/1302 45/294/1303 171/405/1304
f 171/405/1305 170/32/1306 50/468/1307
f 170/32/1308 42/539/1309 50/468/1310
f 50/468/1311 46/391/1312 44/321/1313
f 46/391/1314 43/605/1315 51/238/1316
f 51/238/1317 47/676/1318 40/485/1319
f 46/391/1320 40/485/1321 44/321/1322
