# User-supplied Mayan dungeon glTF module; Y-up meters, bottom centered
mtllib Mayan.mtl
o Cube_090
usemtl SunkenKingdom
v -0.077297119 0.24692313 -0.04713425
v -0.097650458 0.24739899 -0.036854183
v -0.07882613 0.22518053 -0.031030198
v -0.061815139 0.22195651 -0.033750388
v -0.096082722 0.2866382 -0.061426507
v -0.12234941 0.28388063 -0.045038122
v -0.062627147 0.28666991 -0.068520414
v -0.065265194 0.34267665 -0.066510236
v -0.03732754 0.34389434 -0.077666095
v -0.030586508 0.28304822 -0.069353447
v -0.051295513 0.24702204 -0.051638662
v -0.025314884 0.24448799 -0.051804437
v -0.04067524 0.21982869 -0.034863743
v -0.019644349 0.21757102 -0.034169099
v -0.00019188226 0.23194226 -0.044228436
v -0.00019188969 0.21477331 -0.030072799
v -0.0001918748 0.26129971 -0.066102014
v -0.00019186969 0.34722316 -0.083288827
v -0.099821761 0.34833825 -0.061479732
v -0.14397582 0.33411643 -0.051137639
v -0.14377403 0.36497439 -0.050470824
v -0.11528006 0.37121555 -0.055863246
v -0.13008422 0.40151166 -0.048681782
v -0.11528004 0.38367483 -0.055863246
v -0.11689932 0.42521934 -0.050315735
v -0.11120199 0.40621966 -0.053167451
v -0.10260022 0.44495958 -0.051460633
v -0.098173099 0.42668529 -0.055422136
v -0.074164098 0.46062499 -0.05575197
v -0.07110057 0.42250422 -0.063895746
v -0.018889367 0.44295258 -0.071137989
v -0.02735728 0.41690136 -0.073691094
v -0.00019187107 0.40517792 -0.075831273
v -0.015566015 0.39123266 -0.076976776
v -0.10374143 0.47491993 -0.045959614
v -0.13568872 0.44991234 -0.041463951
v -0.057194848 0.47395836 -0.065292729
v -0.027366605 0.46405003 -0.072013176
v -0.063320226 0.50581045 -0.064281267
v -0.021013233 0.50371604 -0.067813785
v -0.0001918748 0.50254134 -0.06919014
v -0.00019187107 0.46306045 -0.072698839
v -0.055124902 0.2096234 -0.017244849
v -0.061815139 0.22195651 -0.033750388
v -0.07882613 0.22518053 -0.031030198
v -0.078040903 0.21919804 -0.017756058
v -0.034496095 0.20488636 -0.016715759
v -0.04067524 0.21982869 -0.034863743
v -0.016123973 0.20176002 -0.015383089
v -0.019644349 0.21757102 -0.034169099
v -0.00019189715 0.20178392 -0.012042743
v -0.00019188969 0.21477331 -0.030072799
v -0.031902827 0.19865554 0.0040461775
v -0.052353722 0.20451159 0.0032875454
v -0.00019190461 0.19418455 0.0072571886
v -0.01466266 0.19502231 0.0053990167
v -0.07718553 0.21451974 0.0024410401
v -0.097650458 0.24739899 -0.036854183
v -0.10448231 0.24745214 -0.019904986
v -0.12234941 0.28388063 -0.045038122
v -0.00019190461 0.19341091 0.017883109
v -0.014752016 0.19485437 0.017883099
v -0.031893028 0.19900694 0.017883099
v -0.05199142 0.20480306 0.017883092
v -0.076702668 0.21428063 0.017883083
v 0.020629483 0.50371602 -0.067813773
v 0.020652938 0.5025934 -0.024965321
v -0.00019188969 0.50185985 -0.025653516
v -0.0001918748 0.50254134 -0.06919014
v 0.062936486 0.50581045 -0.06428122
v 0.062716659 0.50298553 -0.026814002
v -0.00019190461 0.50117836 0.017883109
v 0.020676393 0.50147079 0.017883122
v 0.030902159 0.50199942 0.017883122
v 0.062454428 0.49961545 0.017883132
v -0.073889591 0.45980813 -0.018934443
v -0.056650303 0.47296116 -0.023704817
v -0.056105753 0.47196395 0.017883092
v -0.073615072 0.45899128 0.017883084
v -0.074164098 0.46062499 -0.05575197
v -0.057194848 0.47395836 -0.065292729
v -0.018889367 0.44295258 -0.071137989
v -0.00019187107 0.40517792 -0.075831273
v -0.00019190275 0.40528357 0.017883111
v -0.020208064 0.44206892 0.017883103
v -0.027689894 0.46462464 0.017883099
v -0.027366605 0.46405003 -0.072013176
v -0.015566015 0.39123266 -0.076976776
v -0.014828797 0.39174079 0.017883105
v -0.033496073 0.34078527 0.017883099
v -0.03732754 0.34389434 -0.077666095
v -0.02735728 0.41690136 -0.073691094
v -0.026500458 0.41750813 0.017883099
v -0.074164098 0.46062499 -0.05575197
v -0.073889591 0.45980813 -0.018934443
v -0.10446839 0.48663547 -0.0271083
v -0.10374143 0.47491993 -0.045959614
v -0.10513979 0.49384973 -0.0029547635
v -0.10465359 0.48708367 0.017883076
v -0.073615072 0.45899128 0.017883084
v -0.063079229 0.50271295 -0.023199079
v -0.021036714 0.50259342 -0.024965339
v -0.021060194 0.50147079 0.017883106
v -0.062838237 0.49961545 0.017883093
v -0.00019190461 0.50117836 0.017883109
v -0.00019188969 0.50185985 -0.025653516
v -0.021013233 0.50371604 -0.067813785
v -0.0001918748 0.50254134 -0.06919014
v -0.063320226 0.50581045 -0.064281267
v -0.056650303 0.47296116 -0.023704817
v -0.063079229 0.50271295 -0.023199079
v -0.062838237 0.49961545 0.017883093
v -0.056105753 0.47196395 0.017883092
v -0.057194848 0.47395836 -0.065292729
v -0.063320226 0.50581045 -0.064281267
v -0.11689932 0.42521934 -0.050315735
v -0.13568872 0.44991234 -0.041463951
v -0.13826826 0.45855685 -0.022366203
v -0.11881799 0.43357234 -0.031406319
v -0.1400124 0.46455649 0.0012790348
v -0.12023234 0.43882633 -0.0069181406
v -0.13851222 0.4601287 0.017883063
v -0.11954809 0.43322753 0.01788307
v -0.13568872 0.44991234 -0.041463951
v -0.10374143 0.47491993 -0.045959614
v -0.10446839 0.48663547 -0.0271083
v -0.13826826 0.45855685 -0.022366203
v -0.10513979 0.49384973 -0.0029547635
v -0.1400124 0.46455649 0.0012790348
v -0.10465359 0.48708367 0.017883076
v -0.13851222 0.4601287 0.017883063
v -0.13008422 0.40151166 -0.048681782
v -0.11689932 0.42521934 -0.050315735
v -0.11881799 0.43357234 -0.031406319
v -0.13242855 0.40775468 -0.029192734
v -0.14377403 0.36497439 -0.050470824
v -0.13242855 0.40775468 -0.029192734
v -0.11881799 0.43357234 -0.031406319
v -0.12023234 0.43882633 -0.0069181406
v -0.13335141 0.41012047 -0.0050498144
v -0.13163611 0.40570746 0.017883065
v -0.12044433 0.43130289 0.017883068
v -0.11954809 0.43322753 0.01788307
v -0.14702567 0.36954678 -0.029176704
v -0.14377403 0.36497439 -0.050470824
v -0.14397582 0.33411643 -0.051137639
v -0.14964967 0.33227395 -0.028517385
v -0.14584323 0.37199168 -0.0048402784
v -0.14887532 0.33004133 -0.0040489482
v -0.14598909 0.32920934 0.01788306
v -0.14364204 0.36282479 0.01788306
v -0.14312577 0.3699624 0.017883063
v -0.13284408 0.40202887 0.017883065
v -0.12234941 0.28388063 -0.045038122
v -0.12794429 0.28599231 -0.024028789
v -0.10448231 0.24745214 -0.019904986
v -0.10612849 0.24636331 0.0010002637
v -0.12962547 0.28520787 -0.0014247576
v -0.12615826 0.27541608 0.017883068
v -0.13082027 0.28302011 0.017883068
v -0.10592028 0.24616803 0.017883076
v -0.14397582 0.33411643 -0.051137639
v -0.14964967 0.33227395 -0.028517385
v -0.14887532 0.33004133 -0.0040489482
v -0.1436629 0.32370483 0.017883063
v -0.14598909 0.32920934 0.01788306
v -0.07718553 0.21451974 0.0024410401
v -0.078040903 0.21919804 -0.017756058
v -0.09814892 0.23761708 0.017883076
v -0.076702668 0.21428063 0.017883083
v -0.063320226 0.50581045 -0.064281267
v -0.0001918748 0.50254134 -0.06919014
v -0.021013233 0.50371604 -0.067813785
v 0.076913362 0.24692314 -0.047134203
v 0.061431358 0.22195651 -0.033750359
v 0.078442355 0.22518053 -0.03103014
v 0.097266695 0.24739899 -0.036854108
v 0.095698971 0.2866382 -0.061426449
v 0.12196566 0.28388062 -0.045038047
v 0.062243413 0.28666991 -0.068520367
v 0.064881443 0.34267664 -0.066510189
v 0.036943797 0.34389434 -0.077666083
v 0.030202762 0.28304822 -0.069353436
v 0.050911756 0.24702202 -0.051638615
v 0.02493113 0.24448799 -0.051804419
v 0.040291465 0.21982869 -0.034863714
v 0.01926057 0.21757102 -0.034169081
v -0.00019188226 0.23194226 -0.044228436
v -0.00019188969 0.21477331 -0.030072799
v -0.0001918748 0.26129971 -0.066102014
v -0.00019186969 0.34722316 -0.083288827
v 0.09943801 0.34833825 -0.061479674
v 0.14359207 0.33411642 -0.051137534
v 0.14339027 0.36497439 -0.050470736
v 0.11489631 0.37121555 -0.05586317
v 0.12970045 0.40151166 -0.048681695
v 0.11962889 0.38367482 -0.05586317
v 0.11651557 0.42521936 -0.05031566
v 0.11081822 0.40621966 -0.053167393
v 0.10221646 0.44495958 -0.051460575
v 0.097789348 0.42668529 -0.055422066
v 0.073780346 0.46062499 -0.055751923
v 0.070716819 0.42250422 -0.063895711
v 0.018505621 0.44295258 -0.071137966
v 0.026973538 0.41690136 -0.073691082
v -0.00019187107 0.40517792 -0.075831273
v 0.015182274 0.39123267 -0.076976753
v 0.056811102 0.47395836 -0.065292683
v 0.026982857 0.46405002 -0.072013153
v 0.062936486 0.50581045 -0.06428122
v 0.020629483 0.50371602 -0.067813773
v -0.0001918748 0.50254134 -0.06919014
v -0.00019187107 0.46306045 -0.072698839
v 0.054741133 0.2096234 -0.017244808
v 0.077657122 0.21919804 -0.017756005
v 0.078442355 0.22518053 -0.03103014
v 0.061431358 0.22195651 -0.033750359
v 0.034112309 0.20488636 -0.016715736
v 0.040291465 0.21982869 -0.034863714
v 0.015740185 0.20176002 -0.015383071
v 0.01926057 0.21757102 -0.034169081
v -0.00019189715 0.20178392 -0.012042743
v -0.00019188969 0.21477331 -0.030072799
v 0.031519032 0.19865554 0.0040462008
v 0.05196993 0.20451158 0.0032875745
v -0.00019190461 0.19418455 0.0072571886
v 0.014278881 0.19502231 0.0053990254
v 0.076801737 0.21451975 0.0024410925
v 0.097266695 0.24739899 -0.036854108
v 0.10409852 0.24745215 -0.01990491
v 0.12196566 0.28388062 -0.045038047
v 0.10574469 0.24636332 0.0010003394
v 0.076318841 0.21428064 0.017883135
v 0.10553646 0.24616804 0.017883143
v 0.051607616 0.20480306 0.017883125
v 0.014368206 0.19485441 0.017883111
v -0.00019190461 0.19341091 0.017883109
v 0.031509227 0.19900694 0.017883118
v 0.073780346 0.46062499 -0.055751923
v 0.073462521 0.45967934 -0.013129748
v 0.056150131 0.47274804 -0.014816233
v 0.056811102 0.47395836 -0.065292683
v 0.055721955 0.47196395 0.017883125
v 0.073231262 0.45899128 0.017883132
v 0.018505621 0.44295258 -0.071137966
v 0.01982426 0.44206893 0.017883118
v -0.00019190275 0.40528357 0.017883111
v -0.00019187107 0.40517792 -0.075831273
v 0.026982857 0.46405002 -0.072013153
v 0.027306087 0.46462464 0.017883116
v 0.015182274 0.39123267 -0.076976753
v 0.036943797 0.34389434 -0.077666083
v 0.033112269 0.34078527 0.017883122
v 0.014444994 0.39174079 0.017883116
v 0.026116651 0.41750813 0.017883118
v 0.026973538 0.41690136 -0.073691082
v 0.10221646 0.44495958 -0.051460575
v 0.10335768 0.47491993 -0.045959538
v 0.073780346 0.46062499 -0.055751923
v 0.13530495 0.44991235 -0.041463863
v 0.11651557 0.42521936 -0.05031566
v 0.10408462 0.48663547 -0.027108224
v 0.073780346 0.46062499 -0.055751923
v 0.10408462 0.48663547 -0.027108224
v 0.073462521 0.45967934 -0.013129748
v 0.10426978 0.48708367 0.017883143
v 0.073231262 0.45899128 0.017883132
v 0.10475599 0.49384973 -0.0029546965
v 0.056811102 0.47395836 -0.065292683
v 0.056150131 0.47274804 -0.014816233
v 0.062716659 0.50298553 -0.026814002
v 0.062936486 0.50581045 -0.06428122
v 0.062454428 0.49961545 0.017883132
v 0.055721955 0.47196395 0.017883125
v 0.11651557 0.42521936 -0.05031566
v 0.11843423 0.43357235 -0.031406243
v 0.1378845 0.45855686 -0.02236611
v 0.13530495 0.44991235 -0.041463863
v 0.13962862 0.46455649 0.0012791337
v 0.11984855 0.43882632 -0.0069180591
v 0.13812842 0.4601287 0.017883156
v 0.1191643 0.43322754 0.017883148
v 0.13530495 0.44991235 -0.041463863
v 0.1378845 0.45855686 -0.02236611
v 0.10408462 0.48663547 -0.027108224
v 0.10335768 0.47491993 -0.045959538
v 0.10475599 0.49384973 -0.0029546965
v 0.13962862 0.46455649 0.0012791337
v 0.10426978 0.48708367 0.017883143
v 0.13812842 0.4601287 0.017883156
v 0.12970045 0.40151166 -0.048681695
v 0.13204478 0.40775468 -0.029192647
v 0.11843423 0.43357235 -0.031406243
v 0.11651557 0.42521936 -0.05031566
v 0.11984855 0.43882632 -0.0069180591
v 0.13296761 0.41012047 -0.005049727
v 0.1191643 0.43322754 0.017883148
v 0.1312523 0.40570746 0.017883151
v 0.14339027 0.36497439 -0.050470736
v 0.14664191 0.36954678 -0.02917661
v 0.14359207 0.33411642 -0.051137534
v 0.1492659 0.33227396 -0.028517281
v 0.14545944 0.37199168 -0.0048401824
v 0.14849154 0.33004133 -0.0040488521
v 0.14274197 0.3699624 0.017883156
v 0.14560529 0.32920933 0.017883157
v 0.12196566 0.28388062 -0.045038047
v 0.10409852 0.24745215 -0.01990491
v 0.12756051 0.28599232 -0.024028713
v 0.10574469 0.24636332 0.0010003394
v 0.12924167 0.28520787 -0.0014246762
v 0.10553646 0.24616804 0.017883143
v 0.13043648 0.2830201 0.01788315
v 0.14359207 0.33411642 -0.051137534
v 0.1492659 0.33227396 -0.028517281
v 0.14849154 0.33004133 -0.0040488521
v 0.14560529 0.32920933 0.017883157
v 0.062936486 0.50581045 -0.06428122
v 0.020629483 0.50371602 -0.067813773
v -0.0001918748 0.50254134 -0.06919014
v -0.36282479 0.36282479 -0.0028420152
v -0.36282479 0.36282479 0.083288588
v -1.4901161e-08 0 0.083288708
v 1.4901161e-08 0 -0.0028418959
v -1.4901161e-08 0.72564958 0.083288708
v 1.4901161e-08 0.72564958 -0.0028418959
v 0.36282479 0.36282479 -0.0028417766
v 0.36282479 0.36282479 0.083288827
v -0.31092751 0.36282479 -0.0028420007
v -0.29276684 0.36282479 0.017883012
v 0 0.65559163 0.017883109
v 1.4901161e-08 0.67375232 -0.0028418959
v -0.36282479 0.36282479 0.083288588
v -0.36282479 0.36282479 -0.0028420152
v 1.4901161e-08 0.72564958 -0.0028418959
v -1.4901161e-08 0.72564958 0.083288708
v 0.36282479 0.36282479 0.083288827
v 0.36282479 0.36282479 -0.0028417766
v 1.4901161e-08 0 -0.0028418959
v -1.4901161e-08 0 0.083288708
v -0.31092751 0.36282479 -0.0028420007
v -0.36282479 0.36282479 -0.0028420152
v 1.4901161e-08 0 -0.0028418959
v 1.4901161e-08 0.051897252 -0.0028418959
v 0.31092756 0.36282479 -0.0028417911
v 0.36282479 0.36282479 -0.0028417766
v 1.4901161e-08 0.72564958 -0.0028418959
v 1.4901161e-08 0.67375232 -0.0028418959
v 1.4901161e-08 0.67375232 -0.0028418959
v 1.4901161e-08 0.72564958 -0.0028418959
v -0.36282479 0.36282479 -0.0028420152
v -0.31092751 0.36282479 -0.0028420007
v 1.4901161e-08 0.051897252 -0.0028418959
v 1.4901161e-08 0 -0.0028418959
v 0.36282479 0.36282479 -0.0028417766
v 0.31092756 0.36282479 -0.0028417911
v 1.4901161e-08 0.051897252 -0.0028418959
v 0 0.070057949 0.017883109
v -0.29276684 0.36282479 0.017883012
v -0.31092751 0.36282479 -0.0028420007
v 0.31092756 0.36282479 -0.0028417911
v 0.29276684 0.36282479 0.017883205
v 0 0.070057949 0.017883109
v 1.4901161e-08 0.051897252 -0.0028418959
v 1.4901161e-08 0.67375232 -0.0028418959
v 0 0.65559163 0.017883109
v 0.29276684 0.36282479 0.017883205
v 0.31092756 0.36282479 -0.0028417911
v 0.026973538 0.41690136 -0.073691082
v 0.026116651 0.41750813 0.017883118
v 0.034073892 0.41851342 0.017883116
v 0.070716819 0.42250422 -0.063895711
v 0.070326321 0.42339396 0.017883131
v 0.097637478 0.42553901 0.01788314
v 0.097789348 0.42668529 -0.055422066
v -0.02735728 0.41690136 -0.073691094
v -0.07110057 0.42250422 -0.063895746
v -0.070710114 0.42339395 0.017883086
v -0.034457693 0.41851342 0.017883093
v -0.026500458 0.41750813 0.017883099
v -0.098173099 0.42668529 -0.055422136
v -0.098021294 0.42553901 0.017883077
v 0.11111932 0.40517785 0.017883145
v 0.11081822 0.40621966 -0.053167393
v 0.097789348 0.42668529 -0.055422066
v 0.097637478 0.42553901 0.01788314
v 0.12163019 0.3832263 0.017883148
v 0.11962889 0.38367482 -0.05586317
v 0.10116639 0.34434166 0.017883145
v 0.09943801 0.34833825 -0.061479674
v 0.11489631 0.37121555 -0.05586317
v 0.11747826 0.36849084 0.017883148
v 0.11962889 0.38367482 -0.05586317
v 0.12163019 0.3832263 0.017883148
v 0.061525352 0.33849155 0.017883129
v 0.064881443 0.34267664 -0.066510189
v 0.09943801 0.34833825 -0.061479674
v 0.10116639 0.34434166 0.017883145
v 0.033112269 0.34078527 0.017883122
v 0.036943797 0.34389434 -0.077666083
v -0.122014 0.3832263 0.01788307
v -0.11528004 0.38367483 -0.055863246
v -0.11528006 0.37121555 -0.055863246
v -0.11786206 0.36849084 0.01788307
v -0.099821761 0.34833825 -0.061479732
v -0.10155019 0.34434166 0.017883077
v -0.11150312 0.40517784 0.017883076
v -0.11120199 0.40621966 -0.053167451
v -0.098021294 0.42553901 0.017883077
v -0.098173099 0.42668529 -0.055422136
v 0.027306087 0.46462464 0.017883116
v 0.026982857 0.46405002 -0.072013153
v -0.00019187107 0.46306045 -0.072698839
v -0.00019190832 0.4644564 0.017883111
v -0.027366605 0.46405003 -0.072013176
v -0.027689894 0.46462464 0.017883099
v -0.10155019 0.34434166 0.017883077
v -0.099821761 0.34833825 -0.061479732
v -0.065265194 0.34267665 -0.066510236
v -0.06190915 0.33849155 0.017883089
v -0.03732754 0.34389434 -0.077666095
v -0.033496073 0.34078527 0.017883099
v -0.29276684 0.36282479 0.017883012
v 0 0.070057949 0.017883109
v 0.29276684 0.36282479 0.017883205
v 0 0.65559163 0.017883109
vt 0.67588866 0.36931378
vt 0.68126822 0.36504704
vt 0.68567032 0.36679995
vt 0.68450177 0.36922204
vt 0.66669804 0.36895657
vt 0.67472386 0.36243361
vt 0.66417116 0.37312174
vt 0.65993661 0.36945993
vt 0.65587354 0.37564105
vt 0.66337913 0.3766526
vt 0.67391026 0.37288147
vt 0.67429942 0.3756603
vt 0.68432254 0.37179494
vt 0.68515909 0.37406629
vt 0.6793468 0.37753117
vt 0.68796182 0.37577844
vt 0.66630882 0.38000232
vt 0.6530605 0.38000232
vt 0.66222131 0.36489576
vt 0.66825843 0.35911143
vt 0.66586137 0.35649949
vt 0.66258937 0.3600089
vt 0.66250587 0.35350549
vt 0.66156578 0.35913134
vt 0.65945989 0.35332125
vt 0.66010374 0.35631263
vt 0.6568017 0.35321039
vt 0.6572445 0.35673726
vt 0.65300757 0.35558492
vt 0.65441716 0.36257154
vt 0.6484639 0.36705613
vt 0.65066403 0.36958838
vt 0.64913285 0.37275803
vt 0.6513077 0.37332833
vt 0.65549654 0.34815776
vt 0.66027778 0.34612286
vt 0.64819962 0.36007357
vt 0.64643472 0.36562228
vt 0.64616579 0.35701853
vt 0.64329714 0.36143798
vt 0.64171982 0.36332697
vt 0.64425164 0.36764079
vt 0.60541058 0.33783042
vt 0.59561074 0.33677411
vt 0.59722489 0.33482772
vt 0.60509133 0.33506966
vt 0.60571682 0.3401866
vt 0.59492475 0.3391552
vt 0.60648429 0.34226727
vt 0.59530807 0.34154016
vt 0.60840672 0.34410083
vt 0.59770858 0.3438015
vt 0.61795539 0.34066784
vt 0.61750406 0.33828634
vt 0.619847 0.34428191
vt 0.61875433 0.34264719
vt 0.6169917 0.33529252
vt 0.59366095 0.331653
vt 0.60372818 0.3307963
vt 0.58862436 0.32684851
vt 0.62617606 0.3442843
vt 0.62617487 0.34263372
vt 0.62617224 0.34064204
vt 0.6261667 0.33828104
vt 0.62615526 0.33529234
vt 0.52860284 0.32083803
vt 0.55403012 0.32080323
vt 0.55362421 0.32314831
vt 0.52778882 0.32318342
vt 0.53069323 0.31607389
vt 0.55292851 0.3160761
vt 0.57946074 0.32311976
vt 0.57945865 0.32077378
vt 0.57955569 0.31962818
vt 0.57945561 0.31607336
vt 0.55529946 0.31588137
vt 0.55246848 0.31344438
vt 0.57714796 0.31346118
vt 0.57714802 0.31591058
vt 0.53345084 0.3158527
vt 0.52778882 0.31342769
vt 0.53058493 0.32819378
vt 0.52779132 0.32346243
vt 0.58340329 0.32334608
vt 0.58341199 0.3280533
vt 0.58341557 0.33072454
vt 0.53006929 0.33075064
vt 0.52823073 0.37361801
vt 0.58451945 0.3739028
vt 0.58448821 0.38000232
vt 0.52778977 0.37947106
vt 0.53019381 0.37045342
vt 0.58453286 0.37072343
vt 0.66234225 0.38195276
vt 0.68418992 0.38218772
vt 0.67932445 0.38674003
vt 0.6681127 0.38572568
vt 0.69366395 0.38740206
vt 0.70603842 0.38685125
vt 0.70603842 0.38214558
vt 0.66901046 0.32188767
vt 0.66796315 0.3171615
vt 0.69339091 0.31717122
vt 0.69339144 0.32187188
vt 0.69339144 0.3148253
vt 0.66755569 0.31481683
vt 0.64253551 0.31714946
vt 0.64171982 0.31480467
vt 0.6446293 0.32191187
vt 0.55246848 0.31344438
vt 0.55275702 0.3100217
vt 0.57713723 0.3102622
vt 0.57714796 0.31346118
vt 0.52778882 0.31342769
vt 0.52837682 0.30977929
vt 0.52778882 0.30961651
vt 0.53310066 0.30624443
vt 0.54445279 0.30555356
vt 0.53902918 0.3089968
vt 0.55849493 0.30520606
vt 0.55356944 0.30874825
vt 0.56833893 0.30591744
vt 0.56827766 0.30961651
vt 0.64434338 0.31464207
vt 0.64171982 0.31004912
vt 0.65295345 0.30941039
vt 0.65570998 0.31439066
vt 0.66730303 0.30915332
vt 0.66975522 0.31430972
vt 0.6796748 0.30977786
vt 0.67961502 0.31464207
vt 0.66371685 0.39230752
vt 0.66268748 0.3892808
vt 0.67391455 0.38828111
vt 0.67528099 0.3915329
vt 0.66272002 0.39672178
vt 0.67528099 0.3915329
vt 0.67391455 0.38828111
vt 0.68843991 0.3875649
vt 0.68958908 0.39109516
vt 0.70320249 0.39129525
vt 0.70321208 0.38941216
vt 0.7031675 0.38791448
vt 0.67535281 0.39612347
vt 0.66272002 0.39672178
vt 0.66234225 0.40019464
vt 0.67578518 0.40031821
vt 0.68976849 0.39560181
vt 0.69030875 0.40031821
vt 0.70333058 0.40011168
vt 0.70332772 0.39781439
vt 0.70325381 0.39551866
vt 0.70326084 0.39340645
vt 0.58862436 0.32684851
vt 0.60114247 0.32582253
vt 0.60372818 0.3307963
vt 0.61608189 0.33048469
vt 0.61456138 0.32541198
vt 0.62613767 0.32678872
vt 0.62606645 0.32536685
vt 0.6261211 0.33039594
vt 0.58476788 0.32081401
vt 0.59829938 0.3201555
vt 0.61288559 0.31995261
vt 0.62606013 0.32083023
vt 0.62597388 0.31987464
vt 0.6169917 0.33529252
vt 0.60509133 0.33506966
vt 0.626176 0.33284384
vt 0.62615526 0.33529234
vt 0.579045 0.45591909
vt 0.579045 0.44809002
vt 0.57917637 0.45060444
vt 0.68059367 0.45061189
vt 0.68917894 0.45065749
vt 0.6903531 0.45306468
vt 0.68597418 0.45483398
vt 0.67141473 0.45102596
vt 0.67946863 0.45747375
vt 0.66887373 0.44686723
vt 0.66463548 0.45054734
vt 0.66057575 0.44434708
vt 0.66807508 0.4433403
vt 0.67860436 0.44706452
vt 0.67898238 0.44428992
vt 0.68899 0.44809455
vt 0.68981522 0.44582659
vt 0.68400925 0.44240123
vt 0.69260222 0.44410676
vt 0.67099637 0.4399907
vt 0.65777344 0.4399907
vt 0.66692924 0.45513964
vt 0.67305595 0.46083933
vt 0.67081457 0.46346366
vt 0.66726595 0.4600687
vt 0.66743183 0.46686822
vt 0.66664648 0.4614864
vt 0.6642229 0.46705574
vt 0.66493827 0.46402526
vt 0.66145957 0.46705252
vt 0.66200322 0.46337038
vt 0.65762293 0.46449816
vt 0.65909868 0.4574278
vt 0.65314335 0.45289975
vt 0.65535599 0.45037854
vt 0.65383798 0.4472056
vt 0.65601039 0.44664395
vt 0.65281922 0.45992774
vt 0.65108818 0.45432204
vt 0.65074593 0.46298218
vt 0.6478942 0.45850194
vt 0.64632171 0.4565832
vt 0.64890677 0.45226651
vt 0.68290734 0.42000598
vt 0.68260109 0.42276883
vt 0.67473495 0.42305768
vt 0.67311162 0.42112064
vt 0.68320268 0.41764772
vt 0.67241442 0.41874361
vt 0.6839605 0.41556233
vt 0.67278653 0.41635591
vt 0.6858744 0.41371715
vt 0.6751768 0.41408008
vt 0.69544029 0.41709358
vt 0.69499993 0.41947794
vt 0.69731504 0.41346788
vt 0.69622988 0.41510922
vt 0.69450158 0.42247522
vt 0.67118561 0.42625391
vt 0.68125778 0.42705083
vt 0.66617095 0.43108898
vt 0.69361413 0.42728883
vt 0.70366603 0.42242074
vt 0.70365471 0.42731786
vt 0.70366347 0.41943181
vt 0.70365131 0.41507852
vt 0.70364475 0.41342771
vt 0.70365793 0.41707057
vt 0.59042168 0.31361699
vt 0.61571473 0.31347573
vt 0.61472201 0.31591797
vt 0.58476788 0.31606597
vt 0.6341266 0.31582135
vt 0.63411838 0.31337202
vt 0.53058356 0.3394208
vt 0.58341062 0.33957767
vt 0.58340073 0.34428489
vt 0.52778882 0.34415126
vt 0.53006846 0.33686382
vt 0.58341485 0.33690643
vt 0.58520019 0.35072577
vt 0.58476788 0.344872
vt 0.64146715 0.34444714
vt 0.64148933 0.35054666
vt 0.64149815 0.35372615
vt 0.58715868 0.353894
vt 0.64307886 0.34157568
vt 0.64747345 0.3421548
vt 0.64171982 0.34596002
vt 0.64840597 0.33679259
vt 0.64257348 0.33878827
vt 0.65870082 0.34139025
vt 0.64171982 0.34596002
vt 0.65870082 0.34139025
vt 0.66701305 0.34593642
vt 0.68541443 0.34125346
vt 0.685417 0.34595919
vt 0.67303962 0.34071124
vt 0.58476788 0.31606597
vt 0.61472201 0.31591797
vt 0.60760212 0.3193959
vt 0.58536804 0.31971186
vt 0.63412648 0.31902027
vt 0.6341266 0.31582135
vt 0.58476788 0.30955935
vt 0.59601748 0.309901
vt 0.60150683 0.31320918
vt 0.59014404 0.31279922
vt 0.61555225 0.31320918
vt 0.61055923 0.30978978
vt 0.6253801 0.31225431
vt 0.62524706 0.30855775
vt 0.64840597 0.33679259
vt 0.65904909 0.3322832
vt 0.65811998 0.33806074
vt 0.64747345 0.3421548
vt 0.67153674 0.33231175
vt 0.67212534 0.32649773
vt 0.68282694 0.32656908
vt 0.68117732 0.32207465
vt 0.66381508 0.40891355
vt 0.67538995 0.40950519
vt 0.6740638 0.41277885
vt 0.66282332 0.41195685
vt 0.68859929 0.41326511
vt 0.68970472 0.40971619
vt 0.70332384 0.41268206
vt 0.70331681 0.40930045
vt 0.66276324 0.40451485
vt 0.67540461 0.40491295
vt 0.66234225 0.40104747
vt 0.67578489 0.40071094
vt 0.6898281 0.40520644
vt 0.6903097 0.40048099
vt 0.70331562 0.40507567
vt 0.70333517 0.40048116
vt 0.66617095 0.43108898
vt 0.68125778 0.42705083
vt 0.67869502 0.43204033
vt 0.69361413 0.42728883
vt 0.69211715 0.43237114
vt 0.70365471 0.42731786
vt 0.70362359 0.43234777
vt 0.66234225 0.4371469
vt 0.67587811 0.43772501
vt 0.69046676 0.43784112
vt 0.70355672 0.43784112
vt 0.58625853 0.45577097
vt 0.58154863 0.45591909
vt 0.57932043 0.45577097
vt 0.54380935 0.45608169
vt 0.59492135 0.45608169
vt 0.59492141 0.51375782
vt 0.54380935 0.51375782
vt 0.66219807 0.43784112
vt 0.61108613 0.43784112
vt 0.61108613 0.38016504
vt 0.66219807 0.38016504
vt 0.53144425 0.39411801
vt 0.53272343 0.38016504
vt 0.57396621 0.38016504
vt 0.57524544 0.39411801
vt 0.52778882 0.45591909
vt 0.52778882 0.39824301
vt 0.57890081 0.39824301
vt 0.57890081 0.45591909
vt 0.64617753 0.43800378
vt 0.64617753 0.49567991
vt 0.59506553 0.49567991
vt 0.59506553 0.43800378
vt 0.5401538 0.46020669
vt 0.54380935 0.45608169
vt 0.54380935 0.51375782
vt 0.54015392 0.50963289
vt 0.60743064 0.38428992
vt 0.61108613 0.38016504
vt 0.61108613 0.43784112
vt 0.60743064 0.43371624
vt 0.57524544 0.39411801
vt 0.57890081 0.39824301
vt 0.52778882 0.39824301
vt 0.53144425 0.39411801
vt 0.59872103 0.49980474
vt 0.59506553 0.49567991
vt 0.64617753 0.49567991
vt 0.6425221 0.49980474
vt 0.54015392 0.50963289
vt 0.52778882 0.50818944
vt 0.52778882 0.46165013
vt 0.5401538 0.46020669
vt 0.6425221 0.49980474
vt 0.64124292 0.51375782
vt 0.60000014 0.51375782
vt 0.59872103 0.49980474
vt 0.60743064 0.43371624
vt 0.59506553 0.43227279
vt 0.59506553 0.38573337
vt 0.60743064 0.38428992
vt 0.58715868 0.353894
vt 0.64149815 0.35372615
vt 0.64157569 0.35372669
vt 0.59297693 0.35884225
vt 0.64150405 0.35873908
vt 0.6415078 0.36181825
vt 0.59800881 0.3619135
vt 0.53019381 0.37045342
vt 0.53601938 0.36551619
vt 0.58454621 0.3657105
vt 0.58462369 0.36571151
vt 0.58453286 0.37072343
vt 0.54105574 0.36245447
vt 0.58455449 0.36263132
vt 0.6415174 0.36456299
vt 0.59935635 0.36463439
vt 0.59800881 0.3619135
vt 0.6415078 0.36181825
vt 0.64152718 0.36729854
vt 0.5977661 0.36736196
vt 0.64152491 0.37229484
vt 0.59443051 0.37195826
vt 0.597767 0.36886001
vt 0.6415289 0.36901921
vt 0.5977661 0.36736196
vt 0.64152718 0.36729854
vt 0.6414901 0.37679857
vt 0.5914157 0.37586516
vt 0.59443051 0.37195826
vt 0.64152491 0.37229484
vt 0.64146024 0.38000232
vt 0.58476794 0.37893188
vt 0.58458191 0.35715097
vt 0.54081619 0.35715431
vt 0.54081744 0.35575378
vt 0.58457863 0.35543031
vt 0.53747183 0.35266799
vt 0.58456492 0.35215473
vt 0.58456814 0.35988659
vt 0.54240721 0.35973614
vt 0.58455449 0.36263132
vt 0.54105574 0.36245447
vt 0.58341485 0.33690643
vt 0.53006846 0.33686382
vt 0.52966172 0.33380711
vt 0.58341515 0.33381546
vt 0.53006929 0.33075064
vt 0.58341557 0.33072454
vt 0.58456492 0.35215473
vt 0.53747183 0.35266799
vt 0.53444546 0.34877253
vt 0.58451688 0.3476513
vt 0.52778882 0.34573084
vt 0.58447748 0.34444749
vt 0.64632171 0.51375782
vt 0.64632171 0.4672184
vt 0.68756449 0.4672184
vt 0.68756449 0.51375782
vn -0.26274166 -0.4943535 -0.82860214
vn -0.60345519 -0.58758521 -0.53905976
vn -0.46819639 -0.70096701 -0.53799403
vn -0.2156803 -0.70527184 -0.67533231
vn -0.30241358 -0.26392901 -0.9159081
vn -0.6959424 -0.46325964 -0.54868454
vn -0.16159868 -0.21985966 -0.96205384
vn -0.10818949 0.71878117 -0.68676686
vn -0.43413445 0.32243443 -0.84116787
vn -0.11093649 -0.26798716 -0.95701414
vn -0.10056093 -0.47729057 -0.87297267
vn -0.076694474 -0.50966877 -0.85694551
vn -0.095280632 -0.67642534 -0.73032206
vn -0.014374512 -0.67712802 -0.73572481
vn 0 -0.56011844 -0.82841253
vn 0 -0.70628226 -0.70793027
vn 0 -0.41197181 -0.91119659
vn 0 -0.028992783 -0.99957961
vn 0.13648273 0.56033605 -0.81694311
vn -0.73331898 -0.13095854 -0.66715306
vn -0.72811908 0.14911518 -0.6690346
vn 0.49722269 0.34734172 -0.79506189
vn -0.67849678 0.29902443 -0.67098922
vn 0.57973367 0.034943935 -0.8140564
vn -0.60140669 0.1321471 -0.78793854
vn 0.50723869 -0.25343624 -0.82369834
vn -0.2572138 0.15351038 -0.95408368
vn -0.024079829 -0.45122975 -0.89208293
vn -0.2858437 0.56356931 -0.77503741
vn -0.26719737 -0.62085611 -0.73698246
vn 0.56543422 0.35835963 -0.74287444
vn -0.44607601 -0.30882886 -0.84002429
vn 0 0.34035081 -0.9402985
vn -0.62690067 0.082616225 -0.77470648
vn -0.096928433 0.72851968 -0.67813277
vn -0.87364554 -0.052981511 -0.48366991
vn -0.61463094 0.058963548 -0.78660798
vn 0.0961973 -0.25379974 -0.96246135
vn -0.65104163 0.57382733 -0.49685723
vn -0.088535398 0.11877964 -0.98896563
vn 0 0.71979368 -0.69418806
vn 0 -0.67847151 -0.73462677
vn -0.25819615 -0.89056307 -0.37447596
vn -0.2156803 -0.70527184 -0.67533231
vn -0.46819639 -0.70096701 -0.53799403
vn -0.53225219 -0.80457371 -0.2633794
vn -0.15360522 -0.88445842 -0.44061163
vn -0.095280632 -0.67642534 -0.73032206
vn -0.033113763 -0.87939167 -0.47494596
vn -0.014374512 -0.67712802 -0.73572481
vn 0 -0.88318956 -0.4690161
vn 0 -0.70628226 -0.70793027
vn -0.22272582 -0.9669866 -0.12381456
vn -0.31025463 -0.94571805 -0.096744746
vn 0 -0.98388946 -0.17877801
vn -0.10303298 -0.98033923 -0.16828313
vn -0.5589233 -0.82599431 -0.073062271
vn -0.60345519 -0.58758521 -0.53905976
vn -0.77811277 -0.60400176 -0.17240192
vn -0.6959424 -0.46325964 -0.54868454
vn 0 -0.99915969 -0.04098694
vn -0.14902253 -0.98868191 -0.01733459
vn -0.24900608 -0.96837395 0.015747901
vn -0.32121277 -0.94682229 0.018708162
vn -0.56303811 -0.82638323 0.0088809198
vn 0.088139385 0.11875012 -0.98900443
vn -0.020417312 0.9992581 0.032655496
vn 0 0.99978215 0.02087521
vn 0 0.71979368 -0.69418806
vn 0.65072286 0.57390696 -0.49718255
vn 0.77537411 0.6305294 0.035036191
vn 0 0.99978215 0.02087521
vn -0.0031739832 0.99953008 0.030488553
vn 0.018555796 0.99902201 0.040133014
vn 0.80540526 0.59204453 0.028382981
vn 0.025758198 0.99928987 -0.027497791
vn -0.9374789 0.34776261 0.013947127
vn -0.93653619 0.35029694 0.013855622
vn 0.0732456 0.99479735 0.070804082
vn -0.2858437 0.56356931 -0.77503741
vn -0.61463094 0.058963548 -0.78660798
vn 0.56543422 0.35835963 -0.74287444
vn 0 0.34035081 -0.9402985
vn 0 0.99983513 0.018158846
vn 0.915209 0.40288365 0.0087895216
vn 0.81244826 -0.5827617 0.01779262
vn 0.0961973 -0.25379974 -0.96246135
vn -0.62690067 0.082616225 -0.77470648
vn -0.99957806 -0.020600105 0.020478029
vn -0.58188802 0.81221998 0.041293111
vn -0.43413445 0.32243443 -0.84116787
vn -0.44607601 -0.30882886 -0.84002429
vn -0.59445047 -0.80405551 0.011108941
vn -0.2858437 0.56356931 -0.77503741
vn 0.025758198 0.99928987 -0.027497791
vn -0.0064394581 0.94782108 -0.31873789
vn -0.096928433 0.72851968 -0.67813277
vn 0.031251732 0.99932301 -0.019410254
vn 0.087284371 0.97026032 0.22577962
vn 0.0732456 0.99479735 0.070804082
vn -0.776811 0.62851709 0.039125904
vn 0.020569712 0.99915707 0.035523955
vn 0.0026246028 0.99936324 0.035584729
vn -0.80473965 0.59244555 0.037447497
vn 0 0.99978215 0.02087521
vn 0 0.99978215 0.02087521
vn -0.088535398 0.11877964 -0.98896563
vn 0 0.71979368 -0.69418806
vn -0.65104163 0.57382733 -0.49685723
vn -0.9374789 0.34776261 0.013947127
vn -0.776811 0.62851709 0.039125904
vn -0.80473965 0.59244555 0.037447497
vn -0.93653619 0.35029694 0.013855622
vn -0.61463094 0.058963548 -0.78660798
vn -0.65104163 0.57382733 -0.49685723
vn -0.60140669 0.1321471 -0.78793854
vn -0.87364554 -0.052981511 -0.48366991
vn -0.98403174 0.087162942 -0.15519032
vn -0.9874779 -0.15772302 0.0032960693
vn -0.97745788 0.21097685 0.0080569768
vn -0.9831934 -0.18225822 0.01062054
vn -0.9961521 0.022431737 0.084721759
vn -0.9989807 -0.028382735 0.035096932
vn -0.87364554 -0.052981511 -0.48366991
vn -0.096928433 0.72851968 -0.67813277
vn -0.0064394581 0.94782108 -0.31873789
vn -0.98403174 0.087162942 -0.15519032
vn 0.031251732 0.99932301 -0.019410254
vn -0.97745788 0.21097685 0.0080569768
vn 0.087284371 0.97026032 0.22577962
vn -0.9961521 0.022431737 0.084721759
vn -0.67849678 0.29902443 -0.67098922
vn -0.60140669 0.1321471 -0.78793854
vn -0.9874779 -0.15772302 0.0032960693
vn -0.90602624 0.39406514 -0.15436658
vn -0.72811908 0.14911518 -0.6690346
vn -0.90602624 0.39406514 -0.15436658
vn -0.9874779 -0.15772302 0.0032960693
vn -0.9831934 -0.18225822 0.01062054
vn -0.92593938 0.37626588 0.032563526
vn -0.92603016 0.35338816 0.13260831
vn -0.9030866 0.40922874 0.13025494
vn -0.9989807 -0.028382735 0.035096932
vn -0.97300839 0.20661396 -0.10278817
vn -0.72811908 0.14911518 -0.6690346
vn -0.73331898 -0.13095854 -0.66715306
vn -0.97724265 -0.18125117 -0.1102034
vn -0.97641945 0.20502549 0.067599215
vn -0.98570609 -0.16431485 0.03720279
vn -0.98541194 -0.15204789 0.076451212
vn -0.98912638 0.071720064 0.12839417
vn -0.97369879 0.1856205 0.13211955
vn -0.94242334 0.30631813 0.13419157
vn -0.6959424 -0.46325964 -0.54868454
vn -0.86745447 -0.47543204 -0.14658494
vn -0.77811277 -0.60400176 -0.17240192
vn -0.79289585 -0.60578096 -0.065922059
vn -0.8889665 -0.45598906 -0.042574443
vn -0.83965576 -0.53870177 -0.069126934
vn -0.89091879 -0.45348597 -0.024781656
vn -0.79203624 -0.60965306 -0.031648487
vn -0.73331898 -0.13095854 -0.66715306
vn -0.97724265 -0.18125117 -0.1102034
vn -0.98570609 -0.16431485 0.03720279
vn -0.93520504 -0.35326174 0.024446012
vn -0.98541194 -0.15204789 0.076451212
vn -0.5589233 -0.82599431 -0.073062271
vn -0.53225219 -0.80457371 -0.2633794
vn -0.73872167 -0.67399013 0.005249334
vn -0.56303811 -0.82638323 0.0088809198
vn -0.65104163 0.57382733 -0.49685723
vn 0 0.71979368 -0.69418806
vn -0.088535398 0.11877964 -0.98896563
vn 0.26274166 -0.4943535 -0.82860214
vn 0.2156803 -0.70527184 -0.67533231
vn 0.46819639 -0.70096701 -0.53799403
vn 0.60345519 -0.58758521 -0.53905976
vn 0.30241358 -0.26392901 -0.9159081
vn 0.69595814 -0.4632498 -0.54867285
vn 0.16159868 -0.21985966 -0.96205384
vn 0.10818949 0.71878117 -0.68676686
vn 0.43413445 0.32243443 -0.84116787
vn 0.11093649 -0.26798716 -0.95701414
vn 0.10056093 -0.47729057 -0.87297267
vn 0.076694474 -0.50966877 -0.85694551
vn 0.095280632 -0.67642534 -0.73032206
vn 0.014374512 -0.67712802 -0.73572481
vn 0 -0.56011844 -0.82841253
vn 0 -0.70628226 -0.70793027
vn 0 -0.41197181 -0.91119659
vn 0 -0.028992783 -0.99957961
vn -0.13648273 0.56033605 -0.81694311
vn 0.73331898 -0.13095854 -0.66715306
vn 0.73243815 0.14490673 -0.66523415
vn -0.51156527 0.40798265 -0.75620836
vn 0.68289691 0.30574101 -0.66345626
vn -0.46907553 0.070010364 -0.88037878
vn 0.60202467 0.13629942 -0.78675836
vn -0.51471615 -0.28304049 -0.80929309
vn 0.2572138 0.15351038 -0.95408368
vn 0.024079829 -0.45122975 -0.89208293
vn 0.28410649 0.56519157 -0.77449465
vn 0.26719737 -0.62085611 -0.73698246
vn -0.56543422 0.35835963 -0.74287444
vn 0.44607601 -0.30882886 -0.84002429
vn 0 0.34035081 -0.9402985
vn 0.62690067 0.082616225 -0.77470648
vn 0.6147185 0.058932647 -0.78654182
vn -0.0961973 -0.25379974 -0.96246135
vn 0.65072286 0.57390696 -0.49718255
vn 0.088139385 0.11875012 -0.98900443
vn 0 0.71979368 -0.69418806
vn 0 -0.67847151 -0.73462677
vn 0.25819615 -0.89056307 -0.37447596
vn 0.53225219 -0.80457371 -0.2633794
vn 0.46819639 -0.70096701 -0.53799403
vn 0.2156803 -0.70527184 -0.67533231
vn 0.15360522 -0.88445842 -0.44061163
vn 0.095280632 -0.67642534 -0.73032206
vn 0.033113763 -0.87939167 -0.47494596
vn 0.014374512 -0.67712802 -0.73572481
vn 0 -0.88318956 -0.4690161
vn 0 -0.70628226 -0.70793027
vn 0.22272582 -0.9669866 -0.12381456
vn 0.31025463 -0.94571805 -0.096744746
vn 0 -0.98388946 -0.17877801
vn 0.10303298 -0.98033923 -0.16828313
vn 0.55892539 -0.82602787 -0.072665796
vn 0.60345519 -0.58758521 -0.53905976
vn 0.77811277 -0.60400176 -0.17240192
vn 0.69595814 -0.4632498 -0.54867285
vn 0.79306704 -0.60589391 -0.062747091
vn 0.56302762 -0.82638216 0.0096137086
vn 0.79218662 -0.60974294 -0.025575079
vn 0.32121277 -0.94682229 0.018708162
vn 0.14902253 -0.98868191 -0.01733459
vn 0 -0.99915969 -0.04098694
vn 0.24900591 -0.96837336 0.015778411
vn 0.28410649 0.56519157 -0.77449465
vn -0.035188284 0.99921906 -0.017975627
vn 0.93795604 0.34648797 0.013581182
vn 0.6147185 0.058932647 -0.78654182
vn 0.93660605 0.35014763 0.012879134
vn -0.072176941 0.99723202 0.017853491
vn -0.56543422 0.35835963 -0.74287444
vn -0.915209 0.40288365 0.0087895216
vn 0 0.99983513 0.018158846
vn 0 0.34035081 -0.9402985
vn -0.0961973 -0.25379974 -0.96246135
vn -0.81244826 -0.5827617 0.01779262
vn 0.62690067 0.082616225 -0.77470648
vn 0.43413445 0.32243443 -0.84116787
vn 0.58188802 0.81221998 0.041293111
vn 0.99957806 -0.020600105 0.020478029
vn 0.59445047 -0.80405551 0.011108941
vn 0.44607601 -0.30882886 -0.84002429
vn 0.2572138 0.15351038 -0.95408368
vn 0.092107899 0.73173594 -0.67533588
vn 0.28410649 0.56519157 -0.77449465
vn 0.87364554 -0.052981511 -0.48366991
vn 0.60202467 0.13629942 -0.78675836
vn -0.0047304039 0.96677256 -0.2555944
vn 0.28410649 0.56519157 -0.77449465
vn -0.0047304039 0.96677256 -0.2555944
vn -0.035188284 0.99921906 -0.017975627
vn -0.086489841 0.98117435 0.17267449
vn -0.072176941 0.99723202 0.017853491
vn -0.016693784 0.99985683 -0.0027466917
vn 0.6147185 0.058932647 -0.78654182
vn 0.93795604 0.34648797 0.013581182
vn 0.77537411 0.6305294 0.035036191
vn 0.65072286 0.57390696 -0.49718255
vn 0.80540526 0.59204453 0.028382981
vn 0.93660605 0.35014763 0.012879134
vn 0.60202467 0.13629942 -0.78675836
vn 0.9874779 -0.15772302 0.0032960693
vn 0.98403174 0.087162942 -0.15519032
vn 0.87364554 -0.052981511 -0.48366991
vn 0.97745788 0.21097685 0.0080569768
vn 0.98319072 -0.18225773 0.01086466
vn 0.9961521 0.022431737 0.084721759
vn 0.99896622 -0.028016102 0.035798352
vn 0.87364554 -0.052981511 -0.48366991
vn 0.98403174 0.087162942 -0.15519032
vn -0.0047304039 0.96677256 -0.2555944
vn 0.092107899 0.73173594 -0.67533588
vn -0.016693784 0.99985683 -0.0027466917
vn 0.97745788 0.21097685 0.0080569768
vn -0.086489841 0.98117435 0.17267449
vn 0.9961521 0.022431737 0.084721759
vn 0.68289691 0.30574101 -0.66345626
vn 0.90602624 0.39406514 -0.15436658
vn 0.9874779 -0.15772302 0.0032960693
vn 0.60202467 0.13629942 -0.78675836
vn 0.98319072 -0.18225773 0.01086466
vn 0.92592293 0.37627161 0.032960769
vn 0.99896622 -0.028016102 0.035798352
vn 0.92594498 0.35334843 0.13330679
vn 0.73243815 0.14490673 -0.66523415
vn 0.97300839 0.20661396 -0.10278817
vn 0.73331898 -0.13095854 -0.66715306
vn 0.97724265 -0.18125117 -0.1102034
vn 0.97640389 0.20502864 0.067813873
vn 0.9858008 -0.16434591 0.034456179
vn 0.97364217 0.18561552 0.13254327
vn 0.98593581 -0.15155564 0.070437059
vn 0.69595814 -0.4632498 -0.54867285
vn 0.77811277 -0.60400176 -0.17240192
vn 0.86745447 -0.47543204 -0.14658494
vn 0.79306704 -0.60589391 -0.062747091
vn 0.88894331 -0.45596227 -0.043337781
vn 0.79218662 -0.60974294 -0.025575079
vn 0.89099997 -0.45332807 -0.024750847
vn 0.73331898 -0.13095854 -0.66715306
vn 0.97724265 -0.18125117 -0.1102034
vn 0.9858008 -0.16434591 0.034456179
vn 0.98593581 -0.15155564 0.070437059
vn 0.65072286 0.57390696 -0.49718255
vn 0.088139385 0.11875012 -0.98900443
vn 0 0.71979368 -0.69418806
vn -0.70710677 -0.70710677 0
vn -0.70710677 -0.70710677 0
vn -0.70710677 -0.70710677 0
vn -0.70710677 -0.70710677 0
vn 0.70710677 0.70710677 0
vn 0.70710677 0.70710677 0
vn 0.70710677 0.70710677 0
vn 0.70710677 0.70710677 0
vn 0.60107559 -0.60107523 -0.52670366
vn 0.60107559 -0.60107523 -0.52670366
vn 0.60107559 -0.60107523 -0.52670366
vn 0.60107559 -0.60107523 -0.52670366
vn -0.70710677 0.70710677 0
vn -0.70710677 0.70710677 0
vn -0.70710677 0.70710677 0
vn -0.70710677 0.70710677 0
vn 0.70710677 -0.70710677 0
vn 0.70710677 -0.70710677 0
vn 0.70710677 -0.70710677 0
vn 0.70710677 -0.70710677 0
vn 3.0943906e-07 0 -1
vn 3.0943906e-07 0 -1
vn 3.0943906e-07 0 -1
vn 3.0943906e-07 0 -1
vn 3.0943923e-07 0 -1
vn 3.0943923e-07 0 -1
vn 3.0943923e-07 0 -1
vn 3.0943923e-07 0 -1
vn 3.0943906e-07 0 -1
vn 3.0943906e-07 0 -1
vn 3.0943906e-07 0 -1
vn 3.0943906e-07 0 -1
vn 3.0943923e-07 0 -1
vn 3.0943923e-07 0 -1
vn 3.0943923e-07 0 -1
vn 3.0943923e-07 0 -1
vn 0.60107559 0.60107523 -0.52670366
vn 0.60107559 0.60107523 -0.52670366
vn 0.60107559 0.60107523 -0.52670366
vn 0.60107559 0.60107523 -0.52670366
vn -0.60107481 0.60107505 -0.52670455
vn -0.60107481 0.60107505 -0.52670455
vn -0.60107481 0.60107505 -0.52670455
vn -0.60107481 0.60107505 -0.52670455
vn -0.60107481 -0.60107505 -0.52670455
vn -0.60107481 -0.60107505 -0.52670455
vn -0.60107481 -0.60107505 -0.52670455
vn -0.60107481 -0.60107505 -0.52670455
vn 0.44607601 -0.30882886 -0.84002429
vn 0.59445047 -0.80405551 0.011108941
vn 0.12845303 -0.99167329 0.0091555975
vn 0.26719737 -0.62085611 -0.73698246
vn 0.1221066 -0.99250907 0.0039674728
vn -0.42677897 -0.90434176 -0.005066169
vn 0.024079829 -0.45122975 -0.89208293
vn -0.44607601 -0.30882886 -0.84002429
vn -0.26719737 -0.62085611 -0.73698246
vn -0.1221066 -0.99250907 0.0039674728
vn -0.12845303 -0.99167329 0.0091555975
vn -0.59445047 -0.80405551 0.011108941
vn -0.024079829 -0.45122975 -0.89208293
vn 0.42677897 -0.90434176 -0.005066169
vn -0.88116962 -0.47279742 0.0016174971
vn -0.51471615 -0.28304049 -0.80929309
vn 0.024079829 -0.45122975 -0.89208293
vn -0.42677897 -0.90434176 -0.005066169
vn -0.99865472 -0.04541282 0.025025882
vn -0.46907553 0.070010364 -0.88037878
vn -0.53643757 0.84233236 0.052065905
vn -0.13648273 0.56033605 -0.81694311
vn -0.51156527 0.40798265 -0.75620836
vn -0.89780587 0.43834341 0.042421315
vn -0.46907553 0.070010364 -0.88037878
vn -0.99865472 -0.04541282 0.025025882
vn -0.048769027 0.99778134 0.045320407
vn 0.10818949 0.71878117 -0.68676686
vn -0.13648273 0.56033605 -0.81694311
vn -0.53643757 0.84233236 0.052065905
vn 0.58188802 0.81221998 0.041293111
vn 0.43413445 0.32243443 -0.84116787
vn 0.99508494 -0.081791982 0.055819977
vn 0.57973367 0.034943935 -0.8140564
vn 0.49722269 0.34734172 -0.79506189
vn 0.92960966 0.36396992 0.057894595
vn 0.13648273 0.56033605 -0.81694311
vn 0.53643674 0.84233105 0.052096345
vn 0.90176845 -0.43184048 0.018097626
vn 0.50723869 -0.25343624 -0.82369834
vn 0.42677897 -0.90434176 -0.005066169
vn -0.024079829 -0.45122975 -0.89208293
vn -0.81244826 -0.5827617 0.01779262
vn -0.0961973 -0.25379974 -0.96246135
vn 0 -0.67847151 -0.73462677
vn 0 -0.99994099 0.010864612
vn 0.0961973 -0.25379974 -0.96246135
vn 0.81244826 -0.5827617 0.01779262
vn 0.53643674 0.84233105 0.052096345
vn 0.13648273 0.56033605 -0.81694311
vn -0.10818949 0.71878117 -0.68676686
vn 0.048769027 0.99778134 0.045320407
vn -0.43413445 0.32243443 -0.84116787
vn -0.58188802 0.81221998 0.041293111
vn 3.3083509e-07 0 -1
vn 3.3083509e-07 0 -1
vn 3.3083509e-07 0 -1
vn 3.3083509e-07 0 -1
f 3/3/3 2/2/2 1/1/1
f 4/4/4 3/3/3 1/1/1
f 1/1/1 2/2/2 5/5/5
f 2/2/2 6/6/6 5/5/5
f 1/1/1 5/5/5 7/7/7
f 7/7/7 5/5/5 8/8/8
f 7/7/7 8/8/8 9/9/9
f 10/10/10 7/7/7 9/9/9
f 11/11/11 7/7/7 10/10/10
f 11/11/11 1/1/1 7/7/7
f 4/4/4 1/1/1 11/11/11
f 12/12/12 11/11/11 10/10/10
f 13/13/13 11/11/11 12/12/12
f 13/13/13 4/4/4 11/11/11
f 14/14/14 13/13/13 12/12/12
f 14/14/14 12/12/12 15/15/15
f 16/16/16 14/14/14 15/15/15
f 12/12/12 10/10/10 17/17/17
f 15/15/15 12/12/12 17/17/17
f 10/10/10 9/9/9 18/18/18
f 17/17/17 10/10/10 18/18/18
f 5/5/5 19/19/19 8/8/8
f 20/20/20 19/19/19 5/5/5
f 6/6/6 20/20/20 5/5/5
f 20/20/20 21/21/21 19/19/19
f 21/21/21 22/22/22 19/19/19
f 21/21/21 23/23/23 22/22/22
f 23/23/23 24/24/24 22/22/22
f 23/23/23 25/25/25 24/24/24
f 25/25/25 26/26/26 24/24/24
f 25/25/25 27/27/27 26/26/26
f 27/27/27 28/28/28 26/26/26
f 27/27/27 29/29/29 28/28/28
f 29/29/29 30/30/30 28/28/28
f 29/29/29 31/31/31 30/30/30
f 31/31/31 32/32/32 30/30/30
f 31/31/31 33/33/33 32/32/32
f 33/33/33 34/34/34 32/32/32
f 34/34/34 33/33/33 18/18/18
f 9/9/9 34/34/34 18/18/18
f 35/35/35 29/29/29 27/27/27
f 36/36/36 35/35/35 27/27/27
f 25/25/25 36/36/36 27/27/27
f 29/29/29 37/37/37 31/31/31
f 37/37/37 38/38/38 31/31/31
f 37/37/37 39/39/39 38/38/38
f 39/39/39 40/40/40 38/38/38
f 40/40/40 41/41/41 38/38/38
f 41/41/41 42/42/42 38/38/38
f 45/45/45 44/44/44 43/43/43
f 46/46/46 45/45/45 43/43/43
f 43/43/43 44/44/44 47/47/47
f 44/44/44 48/48/48 47/47/47
f 47/47/47 48/48/48 49/49/49
f 48/48/48 50/50/50 49/49/49
f 49/49/49 50/50/50 51/51/51
f 50/50/50 52/52/52 51/51/51
f 43/43/43 47/47/47 53/53/53
f 54/54/54 43/43/43 53/53/53
f 46/46/46 43/43/43 54/54/54
f 49/49/49 51/51/51 55/55/55
f 56/56/56 49/49/49 55/55/55
f 47/47/47 49/49/49 56/56/56
f 53/53/53 47/47/47 56/56/56
f 57/57/57 46/46/46 54/54/54
f 45/45/45 46/46/46 58/58/58
f 46/46/46 59/59/59 58/58/58
f 58/58/58 59/59/59 60/60/60
f 56/56/56 55/55/55 61/61/61
f 62/62/62 56/56/56 61/61/61
f 53/53/53 56/56/56 62/62/62
f 63/63/63 53/53/53 62/62/62
f 54/54/54 53/53/53 63/63/63
f 57/57/57 54/54/54 64/64/64
f 64/64/64 54/54/54 63/63/63
f 65/65/65 57/57/57 64/64/64
f 68/68/68 67/67/67 66/66/66
f 69/69/69 68/68/68 66/66/66
f 66/66/66 67/67/67 70/70/70
f 67/67/67 71/71/71 70/70/70
f 68/68/68 72/72/72 67/67/67
f 72/72/72 73/73/73 67/67/67
f 71/71/71 67/67/67 73/73/73
f 73/73/73 74/74/74 71/71/71
f 74/74/74 75/75/75 71/71/71
f 78/78/78 77/77/77 76/76/76
f 79/79/79 78/78/78 76/76/76
f 76/76/76 77/77/77 80/80/80
f 77/77/77 81/81/81 80/80/80
f 84/84/84 83/83/83 82/82/82
f 85/85/85 84/84/84 82/82/82
f 85/85/85 82/82/82 86/86/86
f 82/82/82 87/87/87 86/86/86
f 90/90/90 89/89/89 88/88/88
f 91/91/91 90/90/90 88/88/88
f 92/92/92 88/88/88 89/89/89
f 93/93/93 92/92/92 89/89/89
f 96/96/96 95/95/95 94/94/94
f 97/97/97 96/96/96 94/94/94
f 96/96/96 98/98/98 95/95/95
f 98/98/98 99/99/99 95/95/95
f 99/99/99 100/100/100 95/95/95
f 103/103/103 102/102/102 101/101/101
f 104/104/104 103/103/103 101/101/101
f 103/103/103 105/105/105 102/102/102
f 105/105/105 106/106/106 102/102/102
f 102/102/102 106/106/106 107/107/107
f 106/106/106 108/108/108 107/107/107
f 102/102/102 107/107/107 109/109/109
f 101/101/101 102/102/102 109/109/109
f 112/112/112 111/111/111 110/110/110
f 113/113/113 112/112/112 110/110/110
f 110/110/110 111/111/111 114/114/114
f 111/111/111 115/115/115 114/114/114
f 118/118/118 117/117/117 116/116/116
f 119/119/119 118/118/118 116/116/116
f 120/120/120 118/118/118 119/119/119
f 121/121/121 120/120/120 119/119/119
f 122/122/122 120/120/120 121/121/121
f 123/123/123 122/122/122 121/121/121
f 126/126/126 125/125/125 124/124/124
f 127/127/127 126/126/126 124/124/124
f 128/128/128 126/126/126 127/127/127
f 129/129/129 128/128/128 127/127/127
f 130/130/130 128/128/128 129/129/129
f 131/131/131 130/130/130 129/129/129
f 134/134/134 133/133/133 132/132/132
f 135/135/135 134/134/134 132/132/132
f 135/135/135 132/132/132 136/136/136
f 139/139/139 138/138/138 137/137/137
f 140/140/140 139/139/139 137/137/137
f 139/139/139 140/140/140 141/141/141
f 139/139/139 141/141/141 142/142/142
f 142/142/142 143/143/143 139/139/139
f 140/140/140 137/137/137 144/144/144
f 144/144/144 137/137/137 145/145/145
f 144/144/144 145/145/145 146/146/146
f 147/147/147 144/144/144 146/146/146
f 148/148/148 144/144/144 147/147/147
f 148/148/148 140/140/140 144/144/144
f 149/149/149 148/148/148 147/147/147
f 148/148/148 149/149/149 150/150/150
f 148/148/148 150/150/150 151/151/151
f 151/151/151 152/152/152 148/148/148
f 140/140/140 148/148/148 152/152/152
f 153/153/153 141/141/141 140/140/140
f 140/140/140 152/152/152 153/153/153
f 156/156/156 155/155/155 154/154/154
f 156/156/156 157/157/157 155/155/155
f 157/157/157 158/158/158 155/155/155
f 158/158/158 157/157/157 159/159/159
f 159/159/159 160/160/160 158/158/158
f 161/161/161 159/159/159 157/157/157
f 154/154/154 155/155/155 162/162/162
f 155/155/155 163/163/163 162/162/162
f 155/155/155 158/158/158 163/163/163
f 158/158/158 164/164/164 163/163/163
f 158/158/158 160/160/160 165/165/165
f 165/165/165 166/166/166 158/158/158
f 166/166/166 164/164/164 158/158/158
f 167/167/167 157/157/157 156/156/156
f 168/168/168 167/167/167 156/156/156
f 169/169/169 161/161/161 157/157/157
f 157/157/157 167/167/167 169/169/169
f 170/170/170 169/169/169 167/167/167
f 173/173/173 172/172/172 171/171/171
f 176/176/176 175/175/175 174/174/174
f 177/177/177 176/176/176 174/174/174
f 177/177/177 174/174/174 178/178/178
f 179/179/179 177/177/177 178/178/178
f 178/178/178 174/174/174 180/180/180
f 178/178/178 180/180/180 181/181/181
f 181/181/181 180/180/180 182/182/182
f 180/180/180 183/183/183 182/182/182
f 180/180/180 184/184/184 183/183/183
f 174/174/174 184/184/184 180/180/180
f 174/174/174 175/175/175 184/184/184
f 184/184/184 185/185/185 183/183/183
f 184/184/184 186/186/186 185/185/185
f 175/175/175 186/186/186 184/184/184
f 186/186/186 187/187/187 185/185/185
f 185/185/185 187/187/187 188/188/188
f 187/187/187 189/189/189 188/188/188
f 185/185/185 188/188/188 190/190/190
f 183/183/183 185/185/185 190/190/190
f 183/183/183 190/190/190 191/191/191
f 182/182/182 183/183/183 191/191/191
f 192/192/192 178/178/178 181/181/181
f 192/192/192 193/193/193 178/178/178
f 193/193/193 179/179/179 178/178/178
f 194/194/194 193/193/193 192/192/192
f 195/195/195 194/194/194 192/192/192
f 196/196/196 194/194/194 195/195/195
f 197/197/197 196/196/196 195/195/195
f 198/198/198 196/196/196 197/197/197
f 199/199/199 198/198/198 197/197/197
f 200/200/200 198/198/198 199/199/199
f 201/201/201 200/200/200 199/199/199
f 202/202/202 200/200/200 201/201/201
f 203/203/203 202/202/202 201/201/201
f 204/204/204 202/202/202 203/203/203
f 205/205/205 204/204/204 203/203/203
f 206/206/206 204/204/204 205/205/205
f 207/207/207 206/206/206 205/205/205
f 206/206/206 207/207/207 191/191/191
f 207/207/207 182/182/182 191/191/191
f 208/208/208 202/202/202 204/204/204
f 209/209/209 208/208/208 204/204/204
f 210/210/210 208/208/208 209/209/209
f 211/211/211 210/210/210 209/209/209
f 212/212/212 211/211/211 209/209/209
f 213/213/213 212/212/212 209/209/209
f 216/216/216 215/215/215 214/214/214
f 217/217/217 216/216/216 214/214/214
f 217/217/217 214/214/214 218/218/218
f 219/219/219 217/217/217 218/218/218
f 219/219/219 218/218/218 220/220/220
f 221/221/221 219/219/219 220/220/220
f 221/221/221 220/220/220 222/222/222
f 223/223/223 221/221/221 222/222/222
f 218/218/218 214/214/214 224/224/224
f 214/214/214 225/225/225 224/224/224
f 214/214/214 215/215/215 225/225/225
f 222/222/222 220/220/220 226/226/226
f 220/220/220 227/227/227 226/226/226
f 218/218/218 224/224/224 227/227/227
f 220/220/220 218/218/218 227/227/227
f 215/215/215 228/228/228 225/225/225
f 215/215/215 216/216/216 229/229/229
f 230/230/230 215/215/215 229/229/229
f 228/228/228 215/215/215 230/230/230
f 230/230/230 229/229/229 231/231/231
f 232/232/232 228/228/228 230/230/230
f 233/233/233 228/228/228 232/232/232
f 225/225/225 228/228/228 233/233/233
f 234/234/234 233/233/233 232/232/232
f 235/235/235 225/225/225 233/233/233
f 224/224/224 225/225/225 235/235/235
f 226/226/226 227/227/227 236/236/236
f 237/237/237 226/226/226 236/236/236
f 227/227/227 224/224/224 238/238/238
f 236/236/236 227/227/227 238/238/238
f 238/238/238 224/224/224 235/235/235
f 241/241/241 240/240/240 239/239/239
f 242/242/242 241/241/241 239/239/239
f 241/241/241 243/243/243 240/240/240
f 243/243/243 244/244/244 240/240/240
f 247/247/247 246/246/246 245/245/245
f 248/248/248 247/247/247 245/245/245
f 249/249/249 245/245/245 246/246/246
f 250/250/250 249/249/249 246/246/246
f 253/253/253 252/252/252 251/251/251
f 254/254/254 253/253/253 251/251/251
f 254/254/254 251/251/251 255/255/255
f 251/251/251 256/256/256 255/255/255
f 259/259/259 258/258/258 257/257/257
f 258/258/258 260/260/260 257/257/257
f 260/260/260 261/261/261 257/257/257
f 262/262/262 258/258/258 259/259/259
f 265/265/265 264/264/264 263/263/263
f 266/266/266 264/264/264 265/265/265
f 265/265/265 267/267/267 266/266/266
f 266/266/266 268/268/268 264/264/264
f 271/271/271 270/270/270 269/269/269
f 272/272/272 271/271/271 269/269/269
f 271/271/271 273/273/273 270/270/270
f 273/273/273 274/274/274 270/270/270
f 277/277/277 276/276/276 275/275/275
f 278/278/278 277/277/277 275/275/275
f 277/277/277 279/279/279 276/276/276
f 279/279/279 280/280/280 276/276/276
f 279/279/279 281/281/281 280/280/280
f 281/281/281 282/282/282 280/280/280
f 285/285/285 284/284/284 283/283/283
f 286/286/286 285/285/285 283/283/283
f 285/285/285 287/287/287 284/284/284
f 287/287/287 288/288/288 284/284/284
f 287/287/287 289/289/289 288/288/288
f 289/289/289 290/290/290 288/288/288
f 293/293/293 292/292/292 291/291/291
f 294/294/294 293/293/293 291/291/291
f 293/293/293 295/295/295 292/292/292
f 295/295/295 296/296/296 292/292/292
f 295/295/295 297/297/297 296/296/296
f 297/297/297 298/298/298 296/296/296
f 291/291/291 292/292/292 299/299/299
f 292/292/292 300/300/300 299/299/299
f 292/292/292 296/296/296 300/300/300
f 299/299/299 300/300/300 301/301/301
f 300/300/300 302/302/302 301/301/301
f 300/300/300 303/303/303 302/302/302
f 296/296/296 303/303/303 300/300/300
f 296/296/296 298/298/298 303/303/303
f 303/303/303 304/304/304 302/302/302
f 303/303/303 305/305/305 304/304/304
f 298/298/298 305/305/305 303/303/303
f 305/305/305 306/306/306 304/304/304
f 309/309/309 308/308/308 307/307/307
f 310/310/310 308/308/308 309/309/309
f 311/311/311 310/310/310 309/309/309
f 312/312/312 310/310/310 311/311/311
f 313/313/313 312/312/312 311/311/311
f 309/309/309 307/307/307 314/314/314
f 315/315/315 309/309/309 314/314/314
f 311/311/311 309/309/309 315/315/315
f 316/316/316 311/311/311 315/315/315
f 313/313/313 311/311/311 316/316/316
f 317/317/317 313/313/313 316/316/316
f 320/320/320 319/319/319 318/318/318
f 323/323/323 322/322/322 321/321/321
f 324/324/324 323/323/323 321/321/321
f 327/327/327 326/326/326 325/325/325
f 328/328/328 327/327/327 325/325/325
f 331/331/331 330/330/330 329/329/329
f 332/332/332 331/331/331 329/329/329
f 335/335/335 334/334/334 333/333/333
f 336/336/336 335/335/335 333/333/333
f 339/339/339 338/338/338 337/337/337
f 340/340/340 339/339/339 337/337/337
f 343/343/343 342/342/342 341/341/341
f 344/344/344 343/343/343 341/341/341
f 347/347/347 346/346/346 345/345/345
f 348/348/348 347/347/347 345/345/345
f 351/351/351 350/350/350 349/349/349
f 352/352/352 351/351/351 349/349/349
f 355/355/355 354/354/354 353/353/353
f 356/356/356 355/355/355 353/353/353
f 359/359/359 358/358/358 357/357/357
f 360/360/360 359/359/359 357/357/357
f 363/363/363 362/362/362 361/361/361
f 364/364/364 363/363/363 361/361/361
f 367/367/367 366/366/366 365/365/365
f 368/368/368 367/367/367 365/365/365
f 371/371/371 370/370/370 369/369/369
f 369/369/369 372/372/372 371/371/371
f 372/372/372 373/373/373 371/371/371
f 373/373/373 372/372/372 374/374/374
f 372/372/372 375/375/375 374/374/374
f 378/378/378 377/377/377 376/376/376
f 376/376/376 379/379/379 378/378/378
f 376/376/376 380/380/380 379/379/379
f 381/381/381 377/377/377 378/378/378
f 382/382/382 381/381/381 378/378/378
f 385/385/385 384/384/384 383/383/383
f 386/386/386 385/385/385 383/383/383
f 383/383/383 384/384/384 387/387/387
f 384/384/384 388/388/388 387/387/387
f 391/391/391 390/390/390 389/389/389
f 392/392/392 391/391/391 389/389/389
f 393/393/393 391/391/391 392/392/392
f 394/394/394 393/393/393 392/392/392
f 397/397/397 396/396/396 395/395/395
f 398/398/398 397/397/397 395/395/395
f 395/395/395 396/396/396 399/399/399
f 396/396/396 400/400/400 399/399/399
f 403/403/403 402/402/402 401/401/401
f 404/404/404 403/403/403 401/401/401
f 405/405/405 403/403/403 404/404/404
f 406/406/406 405/405/405 404/404/404
f 401/401/401 402/402/402 407/407/407
f 402/402/402 408/408/408 407/407/407
f 407/407/407 408/408/408 409/409/409
f 408/408/408 410/410/410 409/409/409
f 413/413/413 412/412/412 411/411/411
f 414/414/414 413/413/413 411/411/411
f 415/415/415 413/413/413 414/414/414
f 416/416/416 415/415/415 414/414/414
f 419/419/419 418/418/418 417/417/417
f 420/420/420 419/419/419 417/417/417
f 421/421/421 419/419/419 420/420/420
f 422/422/422 421/421/421 420/420/420
f 425/425/425 424/424/424 423/423/423
f 426/426/426 425/425/425 423/423/423
